10	43.3333
10.02	46.6667
10.04	43.3333
10.06	53.3333
10.08	56.6667
10.1	60
10.12	53.3333
10.14	100
10.16	76.6667
10.18	76.6667
10.2	73.3333
10.22	96.6667
10.24	76.6667
10.26	60
10.28	40
10.3	50
10.32	56.6667
10.34	36.6667
10.36	63.3333
10.38	56.6667
10.4	46.6667
10.42	76.6667
10.44	56.6667
10.46	90
10.48	56.6667
10.5	36.6667
10.52	56.6667
10.54	53.3333
10.56	56.6667
10.58	70
10.6	66.6667
10.62	90
10.64	46.6667
10.66	53.3333
10.68	53.3333
10.7	70
10.72	60
10.74	73.3333
10.76	90
10.78	60
10.8	53.3333
10.82	70
10.84	56.6667
10.86	40
10.88	76.6667
10.9	63.3333
10.92	56.6667
10.94	86.6667
10.96	60
10.98	63.3333
11	46.6667
11.02	66.6667
11.04	56.6667
11.06	50
11.08	56.6667
11.1	80
11.12	56.6667
11.14	80
11.16	46.6667
11.18	43.3333
11.2	60
11.22	60
11.24	43.3333
11.26	73.3333
11.28	66.6667
11.3	50
11.32	56.6667
11.34	43.3333
11.36	70
11.38	76.6667
11.4	43.3333
11.42	53.3333
11.44	50
11.46	43.3333
11.48	53.3333
11.5	86.6667
11.52	36.6667
11.54	70
11.56	73.3333
11.58	53.3333
11.6	66.6667
11.62	46.6667
11.64	50
11.66	70
11.68	73.3333
11.7	40
11.72	56.6667
11.74	76.6667
11.76	56.6667
11.78	53.3333
11.8	63.3333
11.82	63.3333
11.84	40
11.86	66.6667
11.88	66.6667
11.9	60
11.92	43.3333
11.94	83.3333
11.96	60
11.98	43.3333
12	60
12.02	60
12.04	83.3333
12.06	50
12.08	53.3333
12.1	56.6667
12.12	50
12.14	60
12.16	50
12.18	73.3333
12.2	40
12.22	80
12.24	80
12.26	53.3333
12.28	73.3333
12.3	46.6667
12.32	33.3333
12.34	60
12.36	56.6667
12.38	26.6667
12.4	46.6667
12.42	53.3333
12.44	43.3333
12.46	66.6667
12.48	43.3333
12.5	46.6667
12.52	46.6667
12.54	50
12.56	56.6667
12.58	46.6667
12.6	46.6667
12.62	70
12.64	73.3333
12.66	43.3333
12.68	53.3333
12.7	70
12.72	43.3333
12.74	46.6667
12.76	36.6667
12.78	53.3333
12.8	53.3333
12.82	36.6667
12.84	43.3333
12.86	60
12.88	40
12.9	43.3333
12.92	53.3333
12.94	36.6667
12.96	53.3333
12.98	36.6667
13	46.6667
13.02	70
13.04	70
13.06	56.6667
13.08	43.3333
13.1	56.6667
13.12	63.3333
13.14	46.6667
13.16	66.6667
13.18	30
13.2	73.3333
13.22	33.3333
13.24	53.3333
13.26	83.3333
13.28	50
13.3	53.3333
13.32	66.6667
13.34	33.3333
13.36	43.3333
13.38	46.6667
13.4	56.6667
13.42	60
13.44	40
13.46	20
13.48	76.6667
13.5	60
13.52	56.6667
13.54	60
13.56	50
13.58	50
13.6	36.6667
13.62	60
13.64	80
13.66	73.3333
13.68	53.3333
13.7	26.6667
13.72	46.6667
13.74	63.3333
13.76	53.3333
13.78	50
13.8	50
13.82	66.6667
13.84	46.6667
13.86	43.3333
13.88	46.6667
13.9	23.3333
13.92	53.3333
13.94	33.3333
13.96	46.6667
13.98	50
14	30
14.02	43.3333
14.04	26.6667
14.06	33.3333
14.08	36.6667
14.1	33.3333
14.12	53.3333
14.14	53.3333
14.16	33.3333
14.18	56.6667
14.2	60
14.22	36.6667
14.24	56.6667
14.26	53.3333
14.28	56.6667
14.3	56.6667
14.32	40
14.34	70
14.36	36.6667
14.38	70
14.4	63.3333
14.42	46.6667
14.44	46.6667
14.46	26.6667
14.48	63.3333
14.5	53.3333
14.52	33.3333
14.54	40
14.56	33.3333
14.58	50
14.6	23.3333
14.62	53.3333
14.64	36.6667
14.66	50
14.68	40
14.7	30
14.72	46.6667
14.74	63.3333
14.76	36.6667
14.78	50
14.8	50
14.82	63.3333
14.84	46.6667
14.86	46.6667
14.88	43.3333
14.9	50
14.92	30
14.94	46.6667
14.96	50
14.98	50
15	53.3333
15.02	40
15.04	50
15.06	23.3333
15.08	30
15.1	50
15.12	43.3333
15.14	36.6667
15.16	66.6667
15.18	40
15.2	20
15.22	60
15.24	53.3333
15.26	26.6667
15.28	40
15.3	33.3333
15.32	56.6667
15.34	43.3333
15.36	50
15.38	46.6667
15.4	50
15.42	43.3333
15.44	60
15.46	70
15.48	56.6667
15.5	50
15.52	36.6667
15.54	43.3333
15.56	33.3333
15.58	36.6667
15.6	43.3333
15.62	40
15.64	26.6667
15.66	53.3333
15.68	33.3333
15.7	40
15.72	63.3333
15.74	66.6667
15.76	43.3333
15.78	16.6667
15.8	40
15.82	46.6667
15.84	40
15.86	30
15.88	33.3333
15.9	36.6667
15.92	50
15.94	50
15.96	30
15.98	46.6667
16	56.6667
16.02	30
16.04	33.3333
16.06	56.6667
16.08	40
16.1	50
16.12	50
16.14	46.6667
16.16	40
16.18	43.3333
16.2	73.3333
16.22	33.3333
16.24	20
16.26	46.6667
16.28	46.6667
16.3	33.3333
16.32	23.3333
16.34	43.3333
16.36	50
16.38	43.3333
16.4	36.6667
16.42	50
16.44	53.3333
16.46	46.6667
16.48	76.6667
16.5	33.3333
16.52	30
16.54	23.3333
16.56	36.6667
16.58	43.3333
16.6	50
16.62	53.3333
16.64	50
16.66	40
16.68	26.6667
16.7	23.3333
16.72	40
16.74	36.6667
16.76	36.6667
16.78	36.6667
16.8	60
16.82	46.6667
16.84	36.6667
16.86	50
16.88	30
16.9	26.6667
16.92	43.3333
16.94	40
16.96	36.6667
16.98	46.6667
17	43.3333
17.02	40
17.04	36.6667
17.06	56.6667
17.08	56.6667
17.1	50
17.12	50
17.14	40
17.16	46.6667
17.18	73.3333
17.2	26.6667
17.22	26.6667
17.24	63.3333
17.26	56.6667
17.28	43.3333
17.3	33.3333
17.32	26.6667
17.34	43.3333
17.36	36.6667
17.38	50
17.4	40
17.42	40
17.44	33.3333
17.46	43.3333
17.48	63.3333
17.5	33.3333
17.52	53.3333
17.54	73.3333
17.56	53.3333
17.58	63.3333
17.6	66.6667
17.62	56.6667
17.64	43.3333
17.66	73.3333
17.68	53.3333
17.7	70
17.72	90
17.74	70
17.76	56.6667
17.78	83.3333
17.8	63.3333
17.82	80
17.84	33.3333
17.86	60
17.88	56.6667
17.9	60
17.92	30
17.94	36.6667
17.96	40
17.98	33.3333
18	33.3333
18.02	40
18.04	33.3333
18.06	46.6667
18.08	53.3333
18.1	50
18.12	50
18.14	26.6667
18.16	20
18.18	40
18.2	40
18.22	30
18.24	30
18.26	36.6667
18.28	36.6667
18.3	56.6667
18.32	43.3333
18.34	36.6667
18.36	56.6667
18.38	40
18.4	50
18.42	43.3333
18.44	33.3333
18.46	50
18.48	46.6667
18.5	36.6667
18.52	36.6667
18.54	36.6667
18.56	26.6667
18.58	36.6667
18.6	23.3333
18.62	53.3333
18.64	56.6667
18.66	50
18.68	50
18.7	33.3333
18.72	66.6667
18.74	43.3333
18.76	40
18.78	43.3333
18.8	50
18.82	63.3333
18.84	26.6667
18.86	36.6667
18.88	30
18.9	60
18.92	70
18.94	36.6667
18.96	60
18.98	50
19	63.3333
19.02	43.3333
19.04	40
19.06	50
19.08	33.3333
19.1	53.3333
19.12	46.6667
19.14	43.3333
19.16	46.6667
19.18	60
19.2	70
19.22	60
19.24	53.3333
19.26	56.6667
19.28	46.6667
19.3	60
19.32	56.6667
19.34	83.3333
19.36	80
19.38	86.6667
19.4	80
19.42	103.333
19.44	60
19.46	73.3333
19.48	46.6667
19.5	43.3333
19.52	53.3333
19.54	46.6667
19.56	43.3333
19.58	30
19.6	43.3333
19.62	20
19.64	30
19.66	36.6667
19.68	43.3333
19.7	36.6667
19.72	40
19.74	40
19.76	26.6667
19.78	43.3333
19.8	30
19.82	30
19.84	30
19.86	16.6667
19.88	33.3333
19.9	16.6667
19.92	23.3333
19.94	43.3333
19.96	36.6667
19.98	30
20	50
20.02	30
20.04	26.6667
20.06	26.6667
20.08	46.6667
20.1	40
20.12	33.3333
20.14	33.3333
20.16	30
20.18	23.3333
20.2	46.6667
20.22	46.6667
20.24	30
20.26	30
20.28	46.6667
20.3	36.6667
20.32	53.3333
20.34	43.3333
20.36	56.6667
20.38	33.3333
20.4	96.6667
20.42	100
20.44	133.333
20.46	103.333
20.48	100
20.5	63.3333
20.52	53.3333
20.54	43.3333
20.56	30
20.58	40
20.6	26.6667
20.62	36.6667
20.64	30
20.66	26.6667
20.68	33.3333
20.7	13.3333
20.72	33.3333
20.74	30
20.76	36.6667
20.78	33.3333
20.8	23.3333
20.82	36.6667
20.84	46.6667
20.86	13.3333
20.88	36.6667
20.9	30
20.92	23.3333
20.94	53.3333
20.96	40
20.98	46.6667
21	10
21.02	36.6667
21.04	36.6667
21.06	43.3333
21.08	33.3333
21.1	23.3333
21.12	56.6667
21.14	30
21.16	53.3333
21.18	63.3333
21.2	33.3333
21.22	60
21.24	40
21.26	60
21.28	23.3333
21.3	40
21.32	26.6667
21.34	46.6667
21.36	40
21.38	20
21.4	36.6667
21.42	30
21.44	33.3333
21.46	26.6667
21.48	20
21.5	36.6667
21.52	20
21.54	23.3333
21.56	23.3333
21.58	46.6667
21.6	36.6667
21.62	30
21.64	20
21.66	20
21.68	26.6667
21.7	20
21.72	36.6667
21.74	40
21.76	26.6667
21.78	36.6667
21.8	50
21.82	40
21.84	30
21.86	30
21.88	20
21.9	30
21.92	53.3333
21.94	16.6667
21.96	23.3333
21.98	30
22	33.3333
22.02	16.6667
22.04	26.6667
22.06	16.6667
22.08	30
22.1	40
22.12	26.6667
22.14	26.6667
22.16	36.6667
22.18	20
22.2	43.3333
22.22	40
22.24	20
22.26	33.3333
22.28	13.3333
22.3	10
22.32	36.6667
22.34	43.3333
22.36	26.6667
22.38	43.3333
22.4	26.6667
22.42	30
22.44	30
22.46	40
22.48	26.6667
22.5	33.3333
22.52	20
22.54	36.6667
22.56	26.6667
22.58	30
22.6	46.6667
22.62	46.6667
22.64	26.6667
22.66	46.6667
22.68	33.3333
22.7	26.6667
22.72	53.3333
22.74	43.3333
22.76	40
22.78	63.3333
22.8	60
22.82	60
22.84	66.6667
22.86	83.3333
22.88	83.3333
22.9	143.333
22.92	106.667
22.94	153.333
22.96	163.333
22.98	250
23	316.667
23.02	286.667
23.04	260
23.06	203.333
23.08	183.333
23.1	126.667
23.12	140
23.14	60
23.16	70
23.18	60
23.2	90
23.22	73.3333
23.24	66.6667
23.26	113.333
23.28	70
23.3	86.6667
23.32	56.6667
23.34	60
23.36	90
23.38	63.3333
23.4	80
23.42	46.6667
23.44	43.3333
23.46	56.6667
23.48	66.6667
23.5	130
23.52	140
23.54	120
23.56	250
23.58	256.667
23.6	293.333
23.62	300
23.64	286.667
23.66	300
23.68	253.333
23.7	230
23.72	156.667
23.74	200
23.76	280
23.78	353.333
23.8	510
23.82	780
23.84	1250
23.86	1763.33
23.88	1910
23.9	1620
23.92	1133.33
23.94	1056.67
23.96	670
23.98	400
24	210
24.02	163.333
24.04	110
24.06	80
24.08	96.6667
24.1	66.6667
24.12	63.3333
24.14	60
24.16	60
24.18	53.3333
24.2	36.6667
24.22	36.6667
24.24	46.6667
24.26	40
24.28	56.6667
24.3	36.6667
24.32	40
24.34	36.6667
24.36	33.3333
24.38	43.3333
24.4	46.6667
24.42	66.6667
24.44	40
24.46	66.6667
24.48	90
24.5	56.6667
24.52	100
24.54	103.333
24.56	120
24.58	153.333
24.6	123.333
24.62	133.333
24.64	93.3333
24.66	130
24.68	73.3333
24.7	63.3333
24.72	50
24.74	46.6667
24.76	30
24.78	30
24.8	36.6667
24.82	36.6667
24.84	30
24.86	33.3333
24.88	40
24.9	36.6667
24.92	30
24.94	50
24.96	36.6667
24.98	26.6667
25	53.3333
25.02	16.6667
25.04	46.6667
25.06	46.6667
25.08	40
25.1	26.6667
25.12	20
25.14	40
25.16	36.6667
25.18	20
25.2	16.6667
25.22	40
25.24	26.6667
25.26	13.3333
25.28	16.6667
25.3	40
25.32	33.3333
25.34	23.3333
25.36	36.6667
25.38	40
25.4	23.3333
25.42	23.3333
25.44	36.6667
25.46	16.6667
25.48	26.6667
25.5	43.3333
25.52	43.3333
25.54	40
25.56	33.3333
25.58	30
25.6	26.6667
25.62	36.6667
25.64	56.6667
25.66	40
25.68	36.6667
25.7	53.3333
25.72	43.3333
25.74	33.3333
25.76	33.3333
25.78	40
25.8	33.3333
25.82	50
25.84	36.6667
25.86	26.6667
25.88	40
25.9	40
25.92	20
25.94	43.3333
25.96	30
25.98	36.6667
26	56.6667
26.02	46.6667
26.04	33.3333
26.06	40
26.08	30
26.1	26.6667
26.12	20
26.14	26.6667
26.16	13.3333
26.18	23.3333
26.2	13.3333
26.22	33.3333
26.24	40
26.26	30
26.28	43.3333
26.3	20
26.32	26.6667
26.34	23.3333
26.36	23.3333
26.38	56.6667
26.4	26.6667
26.42	30
26.44	13.3333
26.46	16.6667
26.48	43.3333
26.5	40
26.52	40
26.54	33.3333
26.56	26.6667
26.58	23.3333
26.6	26.6667
26.62	40
26.64	23.3333
26.66	30
26.68	16.6667
26.7	23.3333
26.72	13.3333
26.74	26.6667
26.76	50
26.78	13.3333
26.8	33.3333
26.82	46.6667
26.84	20
26.86	40
26.88	53.3333
26.9	40
26.92	26.6667
26.94	40
26.96	20
26.98	36.6667
27	30
27.02	33.3333
27.04	33.3333
27.06	20
27.08	33.3333
27.1	30
27.12	40
27.14	33.3333
27.16	10
27.18	40
27.2	36.6667
27.22	26.6667
27.24	16.6667
27.26	53.3333
27.28	33.3333
27.3	50
27.32	93.3333
27.34	110
27.36	110
27.38	40
27.4	63.3333
27.42	36.6667
27.44	60
27.46	30
27.48	40
27.5	33.3333
27.52	30
27.54	40
27.56	26.6667
27.58	16.6667
27.6	20
27.62	43.3333
27.64	16.6667
27.66	43.3333
27.68	46.6667
27.7	30
27.72	20
27.74	30
27.76	26.6667
27.78	30
27.8	20
27.82	40
27.84	3.33333
27.86	16.6667
27.88	30
27.9	16.6667
27.92	23.3333
27.94	36.6667
27.96	16.6667
27.98	23.3333
28	36.6667
28.02	33.3333
28.04	30
28.06	16.6667
28.08	36.6667
28.1	20
28.12	43.3333
28.14	36.6667
28.16	50
28.18	26.6667
28.2	26.6667
28.22	36.6667
28.24	20
28.26	16.6667
28.28	26.6667
28.3	50
28.32	33.3333
28.34	30
28.36	30
28.38	26.6667
28.4	40
28.42	36.6667
28.44	26.6667
28.46	30
28.48	13.3333
28.5	43.3333
28.52	50
28.54	30
28.56	23.3333
28.58	26.6667
28.6	30
28.62	30
28.64	20
28.66	33.3333
28.68	40
28.7	30
28.72	16.6667
28.74	43.3333
28.76	26.6667
28.78	33.3333
28.8	43.3333
28.82	30
28.84	43.3333
28.86	30
28.88	46.6667
28.9	10
28.92	26.6667
28.94	20
28.96	40
28.98	30
29	23.3333
29.02	20
29.04	36.6667
29.06	23.3333
29.08	40
29.1	46.6667
29.12	33.3333
29.14	30
29.16	20
29.18	23.3333
29.2	33.3333
29.22	40
29.24	20
29.26	23.3333
29.28	13.3333
29.3	16.6667
29.32	43.3333
29.34	26.6667
29.36	33.3333
29.38	30
29.4	53.3333
29.42	23.3333
29.44	46.6667
29.46	20
29.48	26.6667
29.5	23.3333
29.52	53.3333
29.54	40
29.56	20
29.58	33.3333
29.6	23.3333
29.62	40
29.64	46.6667
29.66	16.6667
29.68	56.6667
29.7	40
29.72	36.6667
29.74	50
29.76	23.3333
29.78	40
29.8	53.3333
29.82	33.3333
29.84	43.3333
29.86	36.6667
29.88	43.3333
29.9	40
29.92	40
29.94	33.3333
29.96	60
29.98	56.6667
30	50
30.02	53.3333
30.04	33.3333
30.06	40
30.08	63.3333
30.1	53.3333
30.12	106.667
30.14	66.6667
30.16	76.6667
30.18	100
30.2	106.667
30.22	133.333
30.24	156.667
30.26	133.333
30.28	166.667
30.3	226.667
30.32	273.333
30.34	333.333
30.36	343.333
30.38	466.667
30.4	553.333
30.42	456.667
30.44	453.333
30.46	373.333
30.48	393.333
30.5	343.333
30.52	226.667
30.54	276.667
30.56	210
30.58	223.333
30.6	296.667
30.62	263.333
30.64	336.667
30.66	340
30.68	426.667
30.7	516.667
30.72	626.667
30.74	843.333
30.76	1476.67
30.78	1986.67
30.8	3370
30.82	4250
30.84	4413.33
30.86	3540
30.88	2890
30.9	2533.33
30.92	2423.33
30.94	1853.33
30.96	953.333
30.98	566.667
31	423.333
31.02	290
31.04	296.667
31.06	283.333
31.08	346.667
31.1	340
31.12	363.333
31.14	286.667
31.16	273.333
31.18	303.333
31.2	260
31.22	336.667
31.24	256.667
31.26	166.667
31.28	206.667
31.3	170
31.32	156.667
31.34	96.6667
31.36	73.3333
31.38	83.3333
31.4	103.333
31.42	56.6667
31.44	83.3333
31.46	80
31.48	70
31.5	66.6667
31.52	73.3333
31.54	46.6667
31.56	53.3333
31.58	50
31.6	40
31.62	36.6667
31.64	43.3333
31.66	50
31.68	40
31.7	70
31.72	50
31.74	46.6667
31.76	56.6667
31.78	40
31.8	40
31.82	26.6667
31.84	63.3333
31.86	66.6667
31.88	30
31.9	40
31.92	83.3333
31.94	86.6667
31.96	103.333
31.98	116.667
32	136.667
32.02	130
32.04	153.333
32.06	206.667
32.08	190
32.1	210
32.12	183.333
32.14	240
32.16	250
32.18	226.667
32.2	206.667
32.22	213.333
32.24	256.667
32.26	140
32.28	166.667
32.3	166.667
32.32	176.667
32.34	106.667
32.36	143.333
32.38	150
32.4	146.667
32.42	190
32.44	200
32.46	256.667
32.48	253.333
32.5	320
32.52	350
32.54	490
32.56	500
32.58	553.333
32.6	656.667
32.62	620
32.64	510
32.66	476.667
32.68	363.333
32.7	350
32.72	280
32.74	210
32.76	180
32.78	116.667
32.8	140
32.82	103.333
32.84	103.333
32.86	110
32.88	136.667
32.9	100
32.92	100
32.94	93.3333
32.96	56.6667
32.98	60
33	66.6667
33.02	43.3333
33.04	70
33.06	33.3333
33.08	50
33.1	53.3333
33.12	43.3333
33.14	56.6667
33.16	73.3333
33.18	70
33.2	56.6667
33.22	56.6667
33.24	73.3333
33.26	90
33.28	86.6667
33.3	126.667
33.32	90
33.34	130
33.36	130
33.38	170
33.4	193.333
33.42	193.333
33.44	196.667
33.46	196.667
33.48	150
33.5	116.667
33.52	156.667
33.54	113.333
33.56	103.333
33.58	126.667
33.6	116.667
33.62	76.6667
33.64	76.6667
33.66	66.6667
33.68	106.667
33.7	100
33.72	80
33.74	70
33.76	80
33.78	90
33.8	86.6667
33.82	56.6667
33.84	100
33.86	110
33.88	96.6667
33.9	76.6667
33.92	90
33.94	76.6667
33.96	93.3333
33.98	86.6667
34	123.333
34.02	93.3333
34.04	123.333
34.06	113.333
34.08	173.333
34.1	153.333
34.12	146.667
34.14	160
34.16	183.333
34.18	156.667
34.2	120
34.22	126.667
34.24	90
34.26	86.6667
34.28	66.6667
34.3	46.6667
34.32	56.6667
34.34	70
34.36	70
34.38	43.3333
34.4	50
34.42	46.6667
34.44	63.3333
34.46	30
34.48	63.3333
34.5	50
34.52	40
34.54	56.6667
34.56	60
34.58	70
34.6	43.3333
34.62	83.3333
34.64	83.3333
34.66	86.6667
34.68	83.3333
34.7	83.3333
34.72	66.6667
34.74	100
34.76	76.6667
34.78	140
34.8	103.333
34.82	80
34.84	126.667
34.86	120
34.88	140
34.9	176.667
34.92	200
34.94	193.333
34.96	230
34.98	223.333
35	300
35.02	343.333
35.04	286.667
35.06	296.667
35.08	283.333
35.1	216.667
35.12	263.333
35.14	203.333
35.16	150
35.18	140
35.2	100
35.22	153.333
35.24	146.667
35.26	153.333
35.28	120
35.3	126.667
35.32	156.667
35.34	163.333
35.36	90
35.38	126.667
35.4	80
35.42	80
35.44	56.6667
35.46	120
35.48	93.3333
35.5	83.3333
35.52	100
35.54	90
35.56	100
35.58	93.3333
35.6	86.6667
35.62	120
35.64	90
35.66	76.6667
35.68	123.333
35.7	100
35.72	96.6667
35.74	103.333
35.76	70
35.78	66.6667
35.8	126.667
35.82	90
35.84	56.6667
35.86	123.333
35.88	66.6667
35.9	93.3333
35.92	103.333
35.94	100
35.96	80
35.98	66.6667
36	60
36.02	83.3333
36.04	50
36.06	50
36.08	43.3333
36.1	40
36.12	46.6667
36.14	36.6667
36.16	46.6667
36.18	46.6667
36.2	40
36.22	40
36.24	70
36.26	50
36.28	66.6667
36.3	73.3333
36.32	50
36.34	60
36.36	66.6667
36.38	66.6667
36.4	46.6667
36.42	43.3333
36.44	50
36.46	43.3333
36.48	53.3333
36.5	43.3333
36.52	60
36.54	70
36.56	60
36.58	63.3333
36.6	93.3333
36.62	93.3333
36.64	63.3333
36.66	76.6667
36.68	93.3333
36.7	126.667
36.72	123.333
36.74	226.667
36.76	246.667
36.78	180
36.8	163.333
36.82	233.333
36.84	210
36.86	163.333
36.88	170
36.9	206.667
36.92	133.333
36.94	153.333
36.96	120
36.98	136.667
37	123.333
37.02	130
37.04	140
37.06	130
37.08	116.667
37.1	130
37.12	136.667
37.14	146.667
37.16	113.333
37.18	106.667
37.2	150
37.22	116.667
37.24	113.333
37.26	86.6667
37.28	100
37.3	136.667
37.32	156.667
37.34	93.3333
37.36	76.6667
37.38	56.6667
37.4	83.3333
37.42	113.333
37.44	80
37.46	40
37.48	56.6667
37.5	56.6667
37.52	46.6667
37.54	56.6667
37.56	70
37.58	80
37.6	50
37.62	30
37.64	20
37.66	46.6667
37.68	53.3333
37.7	46.6667
37.72	53.3333
37.74	56.6667
37.76	53.3333
37.78	43.3333
37.8	53.3333
37.82	46.6667
37.84	63.3333
37.86	83.3333
37.88	96.6667
37.9	126.667
37.92	153.333
37.94	106.667
37.96	73.3333
37.98	63.3333
38	73.3333
38.02	110
38.04	80
38.06	40
38.08	46.6667
38.1	20
38.12	40
38.14	56.6667
38.16	23.3333
38.18	46.6667
38.2	30
38.22	50
38.24	43.3333
38.26	36.6667
38.28	23.3333
38.3	36.6667
38.32	43.3333
38.34	40
38.36	36.6667
38.38	26.6667
38.4	36.6667
38.42	43.3333
38.44	43.3333
38.46	26.6667
38.48	33.3333
38.5	36.6667
38.52	26.6667
38.54	50
38.56	50
38.58	20
38.6	43.3333
38.62	40
38.64	70
38.66	36.6667
38.68	46.6667
38.7	36.6667
38.72	86.6667
38.74	66.6667
38.76	36.6667
38.78	53.3333
38.8	53.3333
38.82	40
38.84	60
38.86	33.3333
38.88	43.3333
38.9	43.3333
38.92	36.6667
38.94	40
38.96	33.3333
38.98	26.6667
39	40
39.02	50
39.04	30
39.06	13.3333
39.08	33.3333
39.1	30
39.12	23.3333
39.14	53.3333
39.16	33.3333
39.18	26.6667
39.2	23.3333
39.22	43.3333
39.24	36.6667
39.26	23.3333
39.28	26.6667
39.3	36.6667
39.32	26.6667
39.34	53.3333
39.36	40
39.38	13.3333
39.4	30
39.42	36.6667
39.44	23.3333
39.46	26.6667
39.48	26.6667
39.5	36.6667
39.52	33.3333
39.54	33.3333
39.56	26.6667
39.58	13.3333
39.6	23.3333
39.62	30
39.64	33.3333
39.66	33.3333
39.68	30
39.7	13.3333
39.72	16.6667
39.74	30
39.76	33.3333
39.78	36.6667
39.8	30
39.82	30
39.84	40
39.86	30
39.88	36.6667
39.9	43.3333
39.92	56.6667
39.94	23.3333
39.96	26.6667
39.98	33.3333
40	63.3333
40.02	26.6667
40.04	33.3333
40.06	63.3333
40.08	70
40.1	76.6667
40.12	66.6667
40.14	96.6667
40.16	96.6667
40.18	120
40.2	113.333
40.22	93.3333
40.24	90
40.26	113.333
40.28	90
40.3	83.3333
40.32	83.3333
40.34	76.6667
40.36	56.6667
40.38	50
40.4	60
40.42	56.6667
40.44	30
40.46	60
40.48	50
40.5	70
40.52	53.3333
40.54	63.3333
40.56	73.3333
40.58	50
40.6	50
40.62	53.3333
40.64	53.3333
40.66	46.6667
40.68	56.6667
40.7	50
40.72	20
40.74	56.6667
40.76	50
40.78	40
40.8	56.6667
40.82	50
40.84	56.6667
40.86	60
40.88	63.3333
40.9	53.3333
40.92	60
40.94	113.333
40.96	96.6667
40.98	106.667
41	123.333
41.02	120
41.04	150
41.06	180
41.08	200
41.1	166.667
41.12	153.333
41.14	133.333
41.16	133.333
41.18	130
41.2	116.667
41.22	93.3333
41.24	86.6667
41.26	73.3333
41.28	93.3333
41.3	80
41.32	56.6667
41.34	20
41.36	73.3333
41.38	30
41.4	43.3333
41.42	33.3333
41.44	40
41.46	30
41.48	30
41.5	30
41.52	23.3333
41.54	66.6667
41.56	36.6667
41.58	50
41.6	33.3333
41.62	26.6667
41.64	40
41.66	16.6667
41.68	6.66667
41.7	23.3333
41.72	36.6667
41.74	43.3333
41.76	30
41.78	40
41.8	36.6667
41.82	50
41.84	43.3333
41.86	40
41.88	76.6667
41.9	83.3333
41.92	80
41.94	90
41.96	110
41.98	133.333
42	83.3333
42.02	120
42.04	90
42.06	60
42.08	66.6667
42.1	73.3333
42.12	93.3333
42.14	76.6667
42.16	50
42.18	40
42.2	76.6667
42.22	50
42.24	30
42.26	40
42.28	36.6667
42.3	46.6667
42.32	30
42.34	50
42.36	46.6667
42.38	40
42.4	30
42.42	60
42.44	40
42.46	26.6667
42.48	36.6667
42.5	43.3333
42.52	36.6667
42.54	53.3333
42.56	30
42.58	43.3333
42.6	40
42.62	60
42.64	23.3333
42.66	10
42.68	26.6667
42.7	33.3333
42.72	30
42.74	46.6667
42.76	26.6667
42.78	13.3333
42.8	26.6667
42.82	30
42.84	30
42.86	20
42.88	46.6667
42.9	13.3333
42.92	30
42.94	23.3333
42.96	10
42.98	30
43	33.3333
43.02	26.6667
43.04	26.6667
43.06	23.3333
43.08	23.3333
43.1	36.6667
43.12	33.3333
43.14	20
43.16	30
43.18	10
43.2	16.6667
43.22	20
43.24	26.6667
43.26	13.3333
43.28	13.3333
43.3	20
43.32	36.6667
43.34	30
43.36	36.6667
43.38	40
43.4	36.6667
43.42	16.6667
43.44	20
43.46	20
43.48	30
43.5	26.6667
43.52	26.6667
43.54	26.6667
43.56	33.3333
43.58	30
43.6	16.6667
43.62	26.6667
43.64	40
43.66	30
43.68	20
43.7	16.6667
43.72	23.3333
43.74	36.6667
43.76	46.6667
43.78	30
43.8	43.3333
43.82	66.6667
43.84	56.6667
43.86	36.6667
43.88	36.6667
43.9	36.6667
43.92	30
43.94	33.3333
43.96	40
43.98	16.6667
44	43.3333
44.02	33.3333
44.04	20
44.06	23.3333
44.08	33.3333
44.1	36.6667
44.12	30
44.14	26.6667
44.16	26.6667
44.18	6.66667
44.2	30
44.22	16.6667
44.24	20
44.26	36.6667
44.28	13.3333
44.3	13.3333
44.32	20
44.34	26.6667
44.36	30
44.38	16.6667
44.4	26.6667
44.42	30
44.44	16.6667
44.46	16.6667
44.48	26.6667
44.5	36.6667
44.52	23.3333
44.54	16.6667
44.56	36.6667
44.58	26.6667
44.6	20
44.62	40
44.64	16.6667
44.66	23.3333
44.68	23.3333
44.7	33.3333
44.72	10
44.74	16.6667
44.76	6.66667
44.78	33.3333
44.8	13.3333
44.82	20
44.84	6.66667
44.86	16.6667
44.88	26.6667
44.9	33.3333
44.92	16.6667
44.94	23.3333
44.96	20
44.98	33.3333
45	6.66667
45.02	23.3333
45.04	26.6667
45.06	30
45.08	33.3333
45.1	26.6667
45.12	33.3333
45.14	50
45.16	43.3333
45.18	43.3333
45.2	26.6667
45.22	43.3333
45.24	36.6667
45.26	73.3333
45.28	86.6667
45.3	63.3333
45.32	70
45.34	50
45.36	46.6667
45.38	33.3333
45.4	46.6667
45.42	13.3333
45.44	43.3333
45.46	16.6667
45.48	36.6667
45.5	30
45.52	23.3333
45.54	36.6667
45.56	33.3333
45.58	33.3333
45.6	26.6667
45.62	33.3333
45.64	40
45.66	30
45.68	36.6667
45.7	20
45.72	30
45.74	33.3333
45.76	30
45.78	46.6667
45.8	26.6667
45.82	30
45.84	26.6667
45.86	26.6667
45.88	33.3333
45.9	33.3333
45.92	20
45.94	23.3333
45.96	26.6667
45.98	13.3333
46	10
46.02	40
46.04	20
46.06	20
46.08	30
46.1	30
46.12	26.6667
46.14	36.6667
46.16	36.6667
46.18	40
46.2	30
46.22	30
46.24	20
46.26	20
46.28	26.6667
46.3	23.3333
46.32	23.3333
46.34	13.3333
46.36	16.6667
46.38	23.3333
46.4	40
46.42	26.6667
46.44	36.6667
46.46	40
46.48	40
46.5	20
46.52	33.3333
46.54	33.3333
46.56	36.6667
46.58	30
46.6	20
46.62	40
46.64	46.6667
46.66	30
46.68	30
46.7	20
46.72	30
46.74	46.6667
46.76	23.3333
46.78	46.6667
46.8	26.6667
46.82	16.6667
46.84	20
46.86	33.3333
46.88	16.6667
46.9	56.6667
46.92	40
46.94	30
46.96	63.3333
46.98	40
47	76.6667
47.02	60
47.04	76.6667
47.06	43.3333
47.08	53.3333
47.1	20
47.12	56.6667
47.14	50
47.16	50
47.18	36.6667
47.2	53.3333
47.22	30
47.24	36.6667
47.26	16.6667
47.28	36.6667
47.3	26.6667
47.32	16.6667
47.34	26.6667
47.36	30
47.38	53.3333
47.4	26.6667
47.42	40
47.44	26.6667
47.46	26.6667
47.48	23.3333
47.5	26.6667
47.52	26.6667
47.54	16.6667
47.56	33.3333
47.58	20
47.6	40
47.62	43.3333
47.64	30
47.66	23.3333
47.68	13.3333
47.7	16.6667
47.72	43.3333
47.74	33.3333
47.76	36.6667
47.78	16.6667
47.8	20
47.82	23.3333
47.84	23.3333
47.86	33.3333
47.88	43.3333
47.9	40
47.92	20
47.94	26.6667
47.96	3.33333
47.98	6.66667
48	30
48.02	33.3333
48.04	33.3333
48.06	23.3333
48.08	16.6667
48.1	36.6667
48.12	43.3333
48.14	23.3333
48.16	20
48.18	23.3333
48.2	23.3333
48.22	26.6667
48.24	30
48.26	36.6667
48.28	26.6667
48.3	30
48.32	23.3333
48.34	20
48.36	33.3333
48.38	6.66667
48.4	33.3333
48.42	20
48.44	36.6667
48.46	20
48.48	20
48.5	23.3333
48.52	30
48.54	20
48.56	33.3333
48.58	23.3333
48.6	43.3333
48.62	16.6667
48.64	23.3333
48.66	23.3333
48.68	50
48.7	56.6667
48.72	46.6667
48.74	33.3333
48.76	23.3333
48.78	43.3333
48.8	16.6667
48.82	43.3333
48.84	26.6667
48.86	26.6667
48.88	40
48.9	43.3333
48.92	20
48.94	50
48.96	23.3333
48.98	46.6667
49	10
49.02	26.6667
49.04	23.3333
49.06	40
49.08	40
49.1	46.6667
49.12	60
49.14	40
49.16	40
49.18	30
49.2	33.3333
49.22	70
49.24	33.3333
49.26	43.3333
49.28	33.3333
49.3	56.6667
49.32	43.3333
49.34	43.3333
49.36	50
49.38	40
49.4	36.6667
49.42	30
49.44	23.3333
49.46	33.3333
49.48	43.3333
49.5	30
49.52	53.3333
49.54	26.6667
49.56	23.3333
49.58	33.3333
49.6	16.6667
49.62	26.6667
49.64	33.3333
49.66	33.3333
49.68	50
49.7	26.6667
49.72	36.6667
49.74	33.3333
49.76	33.3333
49.78	46.6667
49.8	60
49.82	73.3333
49.84	26.6667
49.86	43.3333
49.88	80
49.9	46.6667
49.92	70
49.94	66.6667
49.96	73.3333
49.98	90
50	70
50.02	100
50.04	113.333
50.06	73.3333
50.08	70
50.1	70
50.12	53.3333
50.14	86.6667
50.16	33.3333
50.18	90
50.2	60
50.22	43.3333
50.24	76.6667
50.26	43.3333
50.28	20
50.3	20
50.32	46.6667
50.34	46.6667
50.36	26.6667
50.38	30
50.4	56.6667
50.42	30
50.44	20
50.46	46.6667
50.48	30
50.5	33.3333
50.52	40
50.54	36.6667
50.56	33.3333
50.58	36.6667
50.6	13.3333
50.62	16.6667
50.64	40
50.66	30
50.68	23.3333
50.7	26.6667
50.72	30
50.74	30
50.76	16.6667
50.78	33.3333
50.8	33.3333
50.82	6.66667
50.84	43.3333
50.86	23.3333
50.88	40
50.9	16.6667
50.92	30
50.94	20
50.96	30
50.98	16.6667
51	26.6667
51.02	33.3333
51.04	23.3333
51.06	36.6667
51.08	13.3333
51.1	20
51.12	20
51.14	16.6667
51.16	30
51.18	23.3333
51.2	43.3333
51.22	26.6667
51.24	40
51.26	30
51.28	23.3333
51.3	23.3333
51.32	30
51.34	26.6667
51.36	36.6667
51.38	43.3333
51.4	10
51.42	26.6667
51.44	23.3333
51.46	20
51.48	23.3333
51.5	16.6667
51.52	16.6667
51.54	26.6667
51.56	26.6667
51.58	13.3333
51.6	13.3333
51.62	43.3333
51.64	16.6667
51.66	23.3333
51.68	26.6667
51.7	16.6667
51.72	16.6667
51.74	23.3333
51.76	13.3333
51.78	16.6667
51.8	13.3333
51.82	16.6667
51.84	20
51.86	16.6667
51.88	13.3333
51.9	20
51.92	30
51.94	23.3333
51.96	23.3333
51.98	26.6667
52	36.6667
52.02	20
52.04	13.3333
52.06	13.3333
52.08	20
52.1	20
52.12	13.3333
52.14	50
52.16	33.3333
52.18	16.6667
52.2	26.6667
52.22	30
52.24	50
52.26	43.3333
52.28	30
52.3	30
52.32	23.3333
52.34	60
52.36	10
52.38	36.6667
52.4	36.6667
52.42	30
52.44	40
52.46	30
52.48	33.3333
52.5	66.6667
52.52	63.3333
52.54	73.3333
52.56	103.333
52.58	73.3333
52.6	76.6667
52.62	83.3333
52.64	66.6667
52.66	56.6667
52.68	43.3333
52.7	46.6667
52.72	60
52.74	56.6667
52.76	60
52.78	36.6667
52.8	33.3333
52.82	46.6667
52.84	33.3333
52.86	60
52.88	30
52.9	16.6667
52.92	13.3333
52.94	10
52.96	20
52.98	23.3333
53	30
53.02	10
53.04	16.6667
53.06	10
53.08	33.3333
53.1	40
53.12	16.6667
53.14	23.3333
53.16	46.6667
53.18	46.6667
53.2	26.6667
53.22	36.6667
53.24	3.33333
53.26	40
53.28	46.6667
53.3	23.3333
53.32	16.6667
53.34	33.3333
53.36	43.3333
53.38	53.3333
53.4	33.3333
53.42	50
53.44	46.6667
53.46	23.3333
53.48	56.6667
53.5	46.6667
53.52	36.6667
53.54	36.6667
53.56	33.3333
53.58	23.3333
53.6	33.3333
53.62	33.3333
53.64	33.3333
53.66	50
53.68	20
53.7	46.6667
53.72	33.3333
53.74	56.6667
53.76	36.6667
53.78	43.3333
53.8	60
53.82	63.3333
53.84	53.3333
53.86	86.6667
53.88	66.6667
53.9	66.6667
53.92	103.333
53.94	83.3333
53.96	126.667
53.98	116.667
54	106.667
54.02	73.3333
54.04	103.333
54.06	93.3333
54.08	100
54.1	73.3333
54.12	110
54.14	86.6667
54.16	130
54.18	83.3333
54.2	70
54.22	66.6667
54.24	90
54.26	70
54.28	53.3333
54.3	40
54.32	53.3333
54.34	70
54.36	70
54.38	43.3333
54.4	90
54.42	60
54.44	113.333
54.46	86.6667
54.48	80
54.5	93.3333
54.52	76.6667
54.54	60
54.56	83.3333
54.58	80
54.6	53.3333
54.62	50
54.64	83.3333
54.66	46.6667
54.68	56.6667
54.7	70
54.72	50
54.74	30
54.76	60
54.78	60
54.8	83.3333
54.82	56.6667
54.84	43.3333
54.86	50
54.88	66.6667
54.9	46.6667
54.92	43.3333
54.94	40
54.96	46.6667
54.98	80
55	106.667
55.02	86.6667
55.04	110
55.06	110
55.08	86.6667
55.1	93.3333
55.12	96.6667
55.14	123.333
55.16	103.333
55.18	96.6667
55.2	133.333
55.22	126.667
55.24	93.3333
55.26	136.667
55.28	173.333
55.3	180
55.32	186.667
55.34	240
55.36	286.667
55.38	316.667
55.4	296.667
55.42	263.333
55.44	303.333
55.46	286.667
55.48	260
55.5	336.667
55.52	256.667
55.54	256.667
55.56	273.333
55.58	246.667
55.6	200
55.62	163.333
55.64	153.333
55.66	176.667
55.68	170
55.7	130
55.72	116.667
55.74	123.333
55.76	113.333
55.78	86.6667
55.8	130
55.82	73.3333
55.84	110
55.86	93.3333
55.88	116.667
55.9	100
55.92	93.3333
55.94	110
55.96	116.667
55.98	140
56	123.333
56.02	186.667
56.04	173.333
56.06	200
56.08	196.667
56.1	146.667
56.12	186.667
56.14	136.667
56.16	140
56.18	153.333
56.2	176.667
56.22	190
56.24	213.333
56.26	300
56.28	376.667
56.3	350
56.32	506.667
56.34	770
56.36	923.333
56.38	766.667
56.4	546.667
56.42	420
56.44	313.333
56.46	303.333
56.48	416.667
56.5	496.667
56.52	440
56.54	453.333
56.56	370
56.58	216.667
56.6	160
56.62	130
56.64	113.333
56.66	96.6667
56.68	130
56.7	136.667
56.72	106.667
56.74	103.333
56.76	120
56.78	80
56.8	80
56.82	103.333
56.84	83.3333
56.86	116.667
56.88	56.6667
56.9	70
56.92	123.333
56.94	130
56.96	113.333
56.98	133.333
57	133.333
57.02	150
57.04	130
57.06	106.667
57.08	123.333
57.1	123.333
57.12	143.333
57.14	140
57.16	156.667
57.18	123.333
57.2	156.667
57.22	110
57.24	100
57.26	80
57.28	70
57.3	86.6667
57.32	110
57.34	120
57.36	63.3333
57.38	60
57.4	76.6667
57.42	83.3333
57.44	56.6667
57.46	80
57.48	56.6667
57.5	46.6667
57.52	80
57.54	90
57.56	70
57.58	76.6667
57.6	90
57.62	73.3333
57.64	53.3333
57.66	56.6667
57.68	86.6667
57.7	50
57.72	66.6667
57.74	63.3333
57.76	56.6667
57.78	63.3333
57.8	70
57.82	40
57.84	50
57.86	26.6667
57.88	16.6667
57.9	53.3333
57.92	43.3333
57.94	30
57.96	40
57.98	26.6667
58	36.6667
58.02	60
58.04	30
58.06	26.6667
58.08	46.6667
58.1	46.6667
58.12	30
58.14	43.3333
58.16	20
58.18	60
58.2	40
58.22	50
58.24	43.3333
58.26	60
58.28	43.3333
58.3	46.6667
58.32	60
58.34	33.3333
58.36	36.6667
58.38	36.6667
58.4	80
58.42	56.6667
58.44	83.3333
58.46	80
58.48	86.6667
58.5	50
58.52	76.6667
58.54	83.3333
58.56	60
58.58	56.6667
58.6	43.3333
58.62	86.6667
58.64	70
58.66	56.6667
58.68	66.6667
58.7	56.6667
58.72	53.3333
58.74	56.6667
58.76	46.6667
58.78	66.6667
58.8	36.6667
58.82	50
58.84	46.6667
58.86	36.6667
58.88	40
58.9	26.6667
58.92	23.3333
58.94	40
58.96	16.6667
58.98	20
59	26.6667
59.02	26.6667
59.04	53.3333
59.06	30
59.08	40
59.1	56.6667
59.12	20
59.14	16.6667
59.16	20
59.18	3.33333
59.2	40
59.22	16.6667
59.24	30
59.26	20
59.28	30
59.3	36.6667
59.32	26.6667
59.34	23.3333
59.36	10
59.38	30
59.4	16.6667
59.42	26.6667
59.44	40
59.46	30
59.48	23.3333
59.5	23.3333
59.52	30
59.54	23.3333
59.56	33.3333
59.58	36.6667
59.6	36.6667
59.62	36.6667
59.64	33.3333
59.66	36.6667
59.68	30
59.7	13.3333
59.72	26.6667
59.74	23.3333
59.76	50
59.78	23.3333
59.8	13.3333
59.82	40
59.84	30
59.86	36.6667
59.88	20
59.9	26.6667
59.92	16.6667
59.94	26.6667
59.96	33.3333
59.98	36.6667
60	26.6667
60.02	36.6667
60.04	30
60.06	36.6667
60.08	36.6667
60.1	20
60.12	30
60.14	40
60.16	33.3333
60.18	20
60.2	56.6667
60.22	40
60.24	36.6667
60.26	30
60.28	26.6667
60.3	43.3333
60.32	23.3333
60.34	16.6667
60.36	16.6667
60.38	23.3333
60.4	56.6667
60.42	50
60.44	23.3333
60.46	30
60.48	40
60.5	16.6667
60.52	33.3333
60.54	16.6667
60.56	13.3333
60.58	33.3333
60.6	40
60.62	13.3333
60.64	30
60.66	33.3333
60.68	16.6667
60.7	30
60.72	6.66667
60.74	33.3333
60.76	23.3333
60.78	36.6667
60.8	6.66667
60.82	16.6667
60.84	43.3333
60.86	36.6667
60.88	23.3333
60.9	20
60.92	30
60.94	26.6667
60.96	20
60.98	26.6667
61	16.6667
61.02	46.6667
61.04	20
61.06	30
61.08	36.6667
61.1	30
61.12	40
61.14	36.6667
61.16	20
61.18	36.6667
61.2	23.3333
61.22	20
61.24	36.6667
61.26	30
61.28	40
61.3	33.3333
61.32	43.3333
61.34	36.6667
61.36	50
61.38	23.3333
61.4	36.6667
61.42	53.3333
61.44	56.6667
61.46	26.6667
61.48	70
61.5	36.6667
61.52	26.6667
61.54	63.3333
61.56	73.3333
61.58	50
61.6	90
61.62	40
61.64	66.6667
61.66	26.6667
61.68	46.6667
61.7	30
61.72	66.6667
61.74	40
61.76	33.3333
61.78	26.6667
61.8	56.6667
61.82	43.3333
61.84	56.6667
61.86	26.6667
61.88	26.6667
61.9	26.6667
61.92	13.3333
61.94	40
61.96	33.3333
61.98	30
62	33.3333
62.02	36.6667
62.04	20
62.06	30
62.08	20
62.1	26.6667
62.12	33.3333
62.14	26.6667
62.16	30
62.18	30
62.2	13.3333
62.22	40
62.24	26.6667
62.26	30
62.28	16.6667
62.3	10
62.32	30
62.34	40
62.36	43.3333
62.38	40
62.4	23.3333
62.42	20
62.44	53.3333
62.46	26.6667
62.48	33.3333
62.5	30
62.52	40
62.54	40
62.56	43.3333
62.58	33.3333
62.6	53.3333
62.62	60
62.64	43.3333
62.66	33.3333
62.68	63.3333
62.7	23.3333
62.72	43.3333
62.74	33.3333
62.76	40
62.78	53.3333
62.8	26.6667
62.82	50
62.84	36.6667
62.86	56.6667
62.88	40
62.9	40
62.92	63.3333
62.94	63.3333
62.96	56.6667
62.98	76.6667
63	90
63.02	86.6667
63.04	93.3333
63.06	116.667
63.08	106.667
63.1	116.667
63.12	130
63.14	140
63.16	236.667
63.18	193.333
63.2	256.667
63.22	300
63.24	250
63.26	216.667
63.28	180
63.3	186.667
63.32	213.333
63.34	183.333
63.36	120
63.38	166.667
63.4	193.333
63.42	173.333
63.44	146.667
63.46	123.333
63.48	126.667
63.5	80
63.52	90
63.54	63.3333
63.56	73.3333
63.58	50
63.6	46.6667
63.62	70
63.64	60
63.66	43.3333
63.68	50
63.7	33.3333
63.72	36.6667
63.74	6.66667
63.76	56.6667
63.78	70
63.8	23.3333
63.82	30
63.84	46.6667
63.86	36.6667
63.88	36.6667
63.9	53.3333
63.92	43.3333
63.94	23.3333
63.96	40
63.98	46.6667
64	40
64.02	33.3333
64.04	50
64.06	63.3333
64.08	63.3333
64.1	70
64.12	76.6667
64.14	100
64.16	106.667
64.18	170
64.2	123.333
64.22	96.6667
64.24	90
64.26	70
64.28	63.3333
64.3	80
64.32	70
64.34	63.3333
64.36	76.6667
64.38	80
64.4	70
64.42	26.6667
64.44	43.3333
64.46	50
64.48	33.3333
64.5	46.6667
64.52	40
64.54	46.6667
64.56	46.6667
64.58	10
64.6	30
64.62	26.6667
64.64	30
64.66	20
64.68	36.6667
64.7	16.6667
64.72	46.6667
64.74	53.3333
64.76	30
64.78	43.3333
64.8	43.3333
64.82	33.3333
64.84	36.6667
64.86	36.6667
64.88	6.66667
64.9	43.3333
64.92	23.3333
64.94	40
64.96	30
64.98	20
65	56.6667
65.02	36.6667
65.04	20
65.06	36.6667
65.08	23.3333
65.1	26.6667
65.12	16.6667
65.14	23.3333
65.16	26.6667
65.18	30
65.2	33.3333
65.22	36.6667
65.24	23.3333
65.26	50
65.28	40
65.3	46.6667
65.32	63.3333
65.34	43.3333
65.36	33.3333
65.38	43.3333
65.4	43.3333
65.42	33.3333
65.44	26.6667
65.46	16.6667
65.48	40
65.5	33.3333
65.52	30
65.54	30
65.56	36.6667
65.58	40
65.6	26.6667
65.62	26.6667
65.64	36.6667
65.66	23.3333
65.68	23.3333
65.7	36.6667
65.72	20
65.74	30
65.76	26.6667
65.78	33.3333
65.8	43.3333
65.82	26.6667
65.84	26.6667
65.86	26.6667
65.88	20
65.9	36.6667
65.92	43.3333
65.94	40
65.96	36.6667
65.98	56.6667
66	23.3333
66.02	30
66.04	36.6667
66.06	40
66.08	20
66.1	23.3333
66.12	30
66.14	30
66.16	26.6667
66.18	43.3333
66.2	20
66.22	30
66.24	43.3333
66.26	50
66.28	33.3333
66.3	50
66.32	60
66.34	33.3333
66.36	43.3333
66.38	40
66.4	76.6667
66.42	60
66.44	43.3333
66.46	46.6667
66.48	76.6667
66.5	153.333
66.52	43.3333
66.54	80
66.56	93.3333
66.58	70
66.6	70
66.62	63.3333
66.64	80
66.66	80
66.68	63.3333
66.7	80
66.72	53.3333
66.74	66.6667
66.76	63.3333
66.78	46.6667
66.8	36.6667
66.82	16.6667
66.84	40
66.86	56.6667
66.88	33.3333
66.9	46.6667
66.92	23.3333
66.94	50
66.96	33.3333
66.98	36.6667
67	33.3333
67.02	26.6667
67.04	33.3333
67.06	30
67.08	36.6667
67.1	40
67.12	33.3333
67.14	46.6667
67.16	30
67.18	66.6667
67.2	56.6667
67.22	26.6667
67.24	43.3333
67.26	43.3333
67.28	50
67.3	36.6667
67.32	30
67.34	40
67.36	23.3333
67.38	26.6667
67.4	70
67.42	30
67.44	36.6667
67.46	43.3333
67.48	20
67.5	53.3333
67.52	16.6667
67.54	26.6667
67.56	36.6667
67.58	40
67.6	46.6667
67.62	36.6667
67.64	20
67.66	23.3333
67.68	23.3333
67.7	30
67.72	23.3333
67.74	16.6667
67.76	3.33333
67.78	36.6667
67.8	20
67.82	43.3333
67.84	23.3333
67.86	23.3333
67.88	23.3333
67.9	16.6667
67.92	33.3333
67.94	23.3333
67.96	30
67.98	26.6667
68	33.3333
68.02	30
68.04	26.6667
68.06	13.3333
68.08	36.6667
68.1	43.3333
68.12	23.3333
68.14	13.3333
68.16	43.3333
68.18	20
68.2	50
68.22	43.3333
68.24	23.3333
68.26	50
68.28	33.3333
68.3	20
68.32	23.3333
68.34	40
68.36	30
68.38	43.3333
68.4	63.3333
68.42	33.3333
68.44	33.3333
68.46	30
68.48	36.6667
68.5	33.3333
68.52	50
68.54	46.6667
68.56	60
68.58	23.3333
68.6	30
68.62	60
68.64	36.6667
68.66	36.6667
68.68	46.6667
68.7	20
68.72	23.3333
68.74	50
68.76	20
68.78	26.6667
68.8	10
68.82	10
68.84	13.3333
68.86	20
68.88	23.3333
68.9	23.3333
68.92	23.3333
68.94	23.3333
68.96	36.6667
68.98	26.6667
69	23.3333
69.02	33.3333
69.04	23.3333
69.06	23.3333
69.08	20
69.1	33.3333
69.12	16.6667
69.14	20
69.16	36.6667
69.18	13.3333
69.2	30
69.22	30
69.24	33.3333
69.26	30
69.28	36.6667
69.3	13.3333
69.32	10
69.34	16.6667
69.36	10
69.38	20
69.4	30
69.42	23.3333
69.44	30
69.46	20
69.48	23.3333
69.5	23.3333
69.52	20
69.54	40
69.56	26.6667
69.58	33.3333
69.6	10
69.62	23.3333
69.64	20
69.66	26.6667
69.68	13.3333
69.7	23.3333
69.72	16.6667
69.74	20
69.76	20
69.78	36.6667
69.8	30
69.82	3.33333
69.84	30
69.86	30
69.88	20
69.9	20
69.92	33.3333
69.94	10
69.96	20
69.98	20
70	26.6667
70.02	30
70.04	20
70.06	6.66667
70.08	26.6667
70.1	30
70.12	20
70.14	30
70.16	23.3333
70.18	30
70.2	23.3333
70.22	13.3333
70.24	23.3333
70.26	3.33333
70.28	36.6667
70.3	23.3333
70.32	30
70.34	20
70.36	10
70.38	30
70.4	23.3333
70.42	20
70.44	36.6667
70.46	10
70.48	20
70.5	16.6667
70.52	16.6667
70.54	23.3333
70.56	26.6667
70.58	33.3333
70.6	13.3333
70.62	23.3333
70.64	10
70.66	13.3333
70.68	20
70.7	16.6667
70.72	16.6667
70.74	20
70.76	30
70.78	10
70.8	23.3333
70.82	36.6667
70.84	26.6667
70.86	26.6667
70.88	10
70.9	23.3333
70.92	16.6667
70.94	46.6667
70.96	30
70.98	30
71	26.6667
71.02	43.3333
71.04	56.6667
71.06	33.3333
71.08	26.6667
71.1	26.6667
71.12	33.3333
71.14	30
71.16	16.6667
71.18	33.3333
71.2	33.3333
71.22	30
71.24	20
71.26	16.6667
71.28	43.3333
71.3	50
71.32	13.3333
71.34	26.6667
71.36	36.6667
71.38	26.6667
71.4	26.6667
71.42	40
71.44	13.3333
71.46	30
71.48	16.6667
71.5	16.6667
71.52	16.6667
71.54	20
71.56	33.3333
71.58	20
71.6	23.3333
71.62	40
71.64	33.3333
71.66	13.3333
71.68	50
71.7	30
71.72	56.6667
71.74	43.3333
71.76	43.3333
71.78	40
71.8	30
71.82	43.3333
71.84	43.3333
71.86	33.3333
71.88	36.6667
71.9	33.3333
71.92	43.3333
71.94	63.3333
71.96	66.6667
71.98	53.3333
72	73.3333
72.02	33.3333
72.04	43.3333
72.06	73.3333
72.08	53.3333
72.1	50
72.12	63.3333
72.14	83.3333
72.16	46.6667
72.18	53.3333
72.2	40
72.22	56.6667
72.24	33.3333
72.26	36.6667
72.28	66.6667
72.3	36.6667
72.32	60
72.34	50
72.36	20
72.38	43.3333
72.4	40
72.42	40
72.44	70
72.46	46.6667
72.48	53.3333
72.5	53.3333
72.52	73.3333
72.54	46.6667
72.56	50
72.58	60
72.6	63.3333
72.62	90
72.64	110
72.66	76.6667
72.68	56.6667
72.7	80
72.72	66.6667
72.74	43.3333
72.76	70
72.78	46.6667
72.8	56.6667
72.82	60
72.84	66.6667
72.86	70
72.88	86.6667
72.9	76.6667
72.92	83.3333
72.94	96.6667
72.96	43.3333
72.98	66.6667
73	60
73.02	86.6667
73.04	40
73.06	53.3333
73.08	53.3333
73.1	56.6667
73.12	66.6667
73.14	66.6667
73.16	40
73.18	40
73.2	30
73.22	73.3333
73.24	46.6667
73.26	63.3333
73.28	53.3333
73.3	20
73.32	36.6667
73.34	63.3333
73.36	20
73.38	30
73.4	40
73.42	13.3333
73.44	20
73.46	36.6667
73.48	40
73.5	30
73.52	50
73.54	43.3333
73.56	36.6667
73.58	23.3333
73.6	10
73.62	36.6667
73.64	36.6667
73.66	33.3333
73.68	20
73.7	26.6667
73.72	50
73.74	23.3333
73.76	40
73.78	30
73.8	46.6667
73.82	33.3333
73.84	56.6667
73.86	33.3333
73.88	0
73.9	20
73.92	36.6667
73.94	16.6667
73.96	36.6667
73.98	33.3333
74	26.6667
74.02	30
74.04	13.3333
74.06	36.6667
74.08	26.6667
74.1	23.3333
74.12	36.6667
74.14	36.6667
74.16	33.3333
74.18	20
74.2	13.3333
74.22	23.3333
74.24	13.3333
74.26	26.6667
74.28	36.6667
74.3	36.6667
74.32	20
74.34	26.6667
74.36	23.3333
74.38	40
74.4	23.3333
74.42	50
74.44	16.6667
74.46	23.3333
74.48	20
74.5	23.3333
74.52	40
74.54	16.6667
74.56	30
74.58	23.3333
74.6	23.3333
74.62	40
74.64	30
74.66	26.6667
74.68	36.6667
74.7	36.6667
74.72	40
74.74	36.6667
74.76	40
74.78	40
74.8	46.6667
74.82	20
74.84	30
74.86	20
74.88	30
74.9	46.6667
74.92	36.6667
74.94	33.3333
74.96	40
74.98	20
75	23.3333
