10	43.3333
10.02	26.6667
10.04	46.6667
10.06	53.3333
10.08	43.3333
10.1	50
10.12	56.6667
10.14	53.3333
10.16	56.6667
10.18	56.6667
10.2	80
10.22	73.3333
10.24	46.6667
10.26	70
10.28	60
10.3	56.6667
10.32	90
10.34	80
10.36	40
10.38	43.3333
10.4	53.3333
10.42	43.3333
10.44	50
10.46	63.3333
10.48	43.3333
10.5	60
10.52	53.3333
10.54	60
10.56	60
10.58	63.3333
10.6	50
10.62	53.3333
10.64	63.3333
10.66	43.3333
10.68	53.3333
10.7	46.6667
10.72	23.3333
10.74	70
10.76	50
10.78	63.3333
10.8	50
10.82	43.3333
10.84	43.3333
10.86	60
10.88	50
10.9	40
10.92	40
10.94	53.3333
10.96	36.6667
10.98	36.6667
11	50
11.02	43.3333
11.04	63.3333
11.06	30
11.08	50
11.1	43.3333
11.12	60
11.14	50
11.16	80
11.18	53.3333
11.2	50
11.22	53.3333
11.24	63.3333
11.26	50
11.28	46.6667
11.3	63.3333
11.32	50
11.34	40
11.36	33.3333
11.38	50
11.4	73.3333
11.42	63.3333
11.44	40
11.46	50
11.48	36.6667
11.5	50
11.52	60
11.54	46.6667
11.56	56.6667
11.58	43.3333
11.6	33.3333
11.62	46.6667
11.64	53.3333
11.66	63.3333
11.68	53.3333
11.7	50
11.72	66.6667
11.74	80
11.76	56.6667
11.78	46.6667
11.8	56.6667
11.82	40
11.84	66.6667
11.86	60
11.88	53.3333
11.9	30
11.92	53.3333
11.94	50
11.96	40
11.98	46.6667
12	50
12.02	43.3333
12.04	43.3333
12.06	70
12.08	46.6667
12.1	56.6667
12.12	50
12.14	63.3333
12.16	50
12.18	50
12.2	50
12.22	63.3333
12.24	53.3333
12.26	43.3333
12.28	40
12.3	46.6667
12.32	63.3333
12.34	70
12.36	56.6667
12.38	46.6667
12.4	56.6667
12.42	66.6667
12.44	40
12.46	66.6667
12.48	46.6667
12.5	43.3333
12.52	50
12.54	46.6667
12.56	66.6667
12.58	60
12.6	40
12.62	40
12.64	70
12.66	70
12.68	56.6667
12.7	76.6667
12.72	33.3333
12.74	63.3333
12.76	66.6667
12.78	53.3333
12.8	36.6667
12.82	73.3333
12.84	63.3333
12.86	36.6667
12.88	46.6667
12.9	26.6667
12.92	60
12.94	30
12.96	43.3333
12.98	40
13	23.3333
13.02	40
13.04	53.3333
13.06	50
13.08	40
13.1	36.6667
13.12	36.6667
13.14	43.3333
13.16	46.6667
13.18	26.6667
13.2	60
13.22	43.3333
13.24	36.6667
13.26	26.6667
13.28	60
13.3	70
13.32	50
13.34	43.3333
13.36	70
13.38	60
13.4	43.3333
13.42	53.3333
13.44	23.3333
13.46	43.3333
13.48	56.6667
13.5	53.3333
13.52	50
13.54	66.6667
13.56	33.3333
13.58	56.6667
13.6	36.6667
13.62	46.6667
13.64	70
13.66	46.6667
13.68	56.6667
13.7	43.3333
13.72	46.6667
13.74	26.6667
13.76	50
13.78	36.6667
13.8	43.3333
13.82	43.3333
13.84	43.3333
13.86	36.6667
13.88	30
13.9	43.3333
13.92	33.3333
13.94	56.6667
13.96	60
13.98	43.3333
14	26.6667
14.02	30
14.04	23.3333
14.06	30
14.08	40
14.1	63.3333
14.12	46.6667
14.14	36.6667
14.16	40
14.18	30
14.2	26.6667
14.22	33.3333
14.24	13.3333
14.26	73.3333
14.28	36.6667
14.3	63.3333
14.32	53.3333
14.34	30
14.36	36.6667
14.38	36.6667
14.4	53.3333
14.42	43.3333
14.44	53.3333
14.46	43.3333
14.48	66.6667
14.5	56.6667
14.52	50
14.54	46.6667
14.56	50
14.58	40
14.6	36.6667
14.62	50
14.64	33.3333
14.66	46.6667
14.68	43.3333
14.7	36.6667
14.72	33.3333
14.74	40
14.76	36.6667
14.78	36.6667
14.8	40
14.82	33.3333
14.84	40
14.86	30
14.88	36.6667
14.9	43.3333
14.92	43.3333
14.94	33.3333
14.96	30
14.98	33.3333
15	60
15.02	23.3333
15.04	33.3333
15.06	33.3333
15.08	30
15.1	40
15.12	73.3333
15.14	40
15.16	43.3333
15.18	60
15.2	43.3333
15.22	33.3333
15.24	33.3333
15.26	53.3333
15.28	46.6667
15.3	36.6667
15.32	40
15.34	50
15.36	46.6667
15.38	56.6667
15.4	33.3333
15.42	26.6667
15.44	43.3333
15.46	63.3333
15.48	30
15.5	46.6667
15.52	53.3333
15.54	50
15.56	46.6667
15.58	36.6667
15.6	33.3333
15.62	30
15.64	33.3333
15.66	43.3333
15.68	60
15.7	40
15.72	36.6667
15.74	56.6667
15.76	46.6667
15.78	50
15.8	33.3333
15.82	40
15.84	36.6667
15.86	36.6667
15.88	43.3333
15.9	43.3333
15.92	40
15.94	23.3333
15.96	40
15.98	23.3333
16	30
16.02	46.6667
16.04	40
16.06	66.6667
16.08	50
16.1	43.3333
16.12	56.6667
16.14	16.6667
16.16	23.3333
16.18	50
16.2	43.3333
16.22	40
16.24	36.6667
16.26	30
16.28	20
16.3	56.6667
16.32	33.3333
16.34	46.6667
16.36	40
16.38	40
16.4	43.3333
16.42	26.6667
16.44	33.3333
16.46	36.6667
16.48	26.6667
16.5	30
16.52	16.6667
16.54	26.6667
16.56	36.6667
16.58	36.6667
16.6	30
16.62	50
16.64	36.6667
16.66	13.3333
16.68	46.6667
16.7	36.6667
16.72	46.6667
16.74	33.3333
16.76	23.3333
16.78	36.6667
16.8	30
16.82	43.3333
16.84	43.3333
16.86	56.6667
16.88	50
16.9	50
16.92	26.6667
16.94	33.3333
16.96	60
16.98	33.3333
17	26.6667
17.02	40
17.04	20
17.06	66.6667
17.08	26.6667
17.1	43.3333
17.12	36.6667
17.14	46.6667
17.16	30
17.18	50
17.2	50
17.22	36.6667
17.24	20
17.26	20
17.28	33.3333
17.3	36.6667
17.32	46.6667
17.34	26.6667
17.36	36.6667
17.38	26.6667
17.4	36.6667
17.42	50
17.44	33.3333
17.46	46.6667
17.48	26.6667
17.5	40
17.52	70
17.54	63.3333
17.56	43.3333
17.58	30
17.6	66.6667
17.62	50
17.64	70
17.66	56.6667
17.68	53.3333
17.7	43.3333
17.72	46.6667
17.74	46.6667
17.76	53.3333
17.78	56.6667
17.8	63.3333
17.82	46.6667
17.84	36.6667
17.86	43.3333
17.88	30
17.9	53.3333
17.92	33.3333
17.94	30
17.96	26.6667
17.98	26.6667
18	16.6667
18.02	36.6667
18.04	16.6667
18.06	30
18.08	43.3333
18.1	43.3333
18.12	23.3333
18.14	26.6667
18.16	26.6667
18.18	30
18.2	30
18.22	33.3333
18.24	33.3333
18.26	33.3333
18.28	20
18.3	56.6667
18.32	53.3333
18.34	16.6667
18.36	23.3333
18.38	53.3333
18.4	23.3333
18.42	46.6667
18.44	30
18.46	23.3333
18.48	50
18.5	33.3333
18.52	16.6667
18.54	23.3333
18.56	40
18.58	26.6667
18.6	26.6667
18.62	40
18.64	33.3333
18.66	30
18.68	46.6667
18.7	23.3333
18.72	33.3333
18.74	60
18.76	26.6667
18.78	33.3333
18.8	46.6667
18.82	33.3333
18.84	16.6667
18.86	33.3333
18.88	13.3333
18.9	60
18.92	43.3333
18.94	36.6667
18.96	50
18.98	73.3333
19	73.3333
19.02	66.6667
19.04	33.3333
19.06	43.3333
19.08	46.6667
19.1	60
19.12	43.3333
19.14	23.3333
19.16	20
19.18	33.3333
19.2	43.3333
19.22	50
19.24	43.3333
19.26	50
19.28	23.3333
19.3	56.6667
19.32	50
19.34	63.3333
19.36	63.3333
19.38	46.6667
19.4	46.6667
19.42	53.3333
19.44	56.6667
19.46	13.3333
19.48	60
19.5	40
19.52	30
19.54	26.6667
19.56	16.6667
19.58	23.3333
19.6	40
19.62	30
19.64	23.3333
19.66	43.3333
19.68	26.6667
19.7	43.3333
19.72	23.3333
19.74	10
19.76	30
19.78	23.3333
19.8	36.6667
19.82	23.3333
19.84	26.6667
19.86	23.3333
19.88	23.3333
19.9	50
19.92	23.3333
19.94	16.6667
19.96	23.3333
19.98	30
20	30
20.02	26.6667
20.04	23.3333
20.06	20
20.08	43.3333
20.1	20
20.12	43.3333
20.14	40
20.16	36.6667
20.18	33.3333
20.2	30
20.22	10
20.24	43.3333
20.26	20
20.28	16.6667
20.3	13.3333
20.32	26.6667
20.34	43.3333
20.36	40
20.38	23.3333
20.4	30
20.42	33.3333
20.44	26.6667
20.46	40
20.48	56.6667
20.5	30
20.52	30
20.54	23.3333
20.56	10
20.58	33.3333
20.6	26.6667
20.62	30
20.64	43.3333
20.66	16.6667
20.68	10
20.7	10
20.72	10
20.74	20
20.76	40
20.78	33.3333
20.8	30
20.82	33.3333
20.84	20
20.86	26.6667
20.88	33.3333
20.9	20
20.92	36.6667
20.94	26.6667
20.96	23.3333
20.98	20
21	16.6667
21.02	33.3333
21.04	33.3333
21.06	16.6667
21.08	23.3333
21.1	36.6667
21.12	30
21.14	26.6667
21.16	33.3333
21.18	70
21.2	16.6667
21.22	16.6667
21.24	40
21.26	26.6667
21.28	6.66667
21.3	30
21.32	33.3333
21.34	30
21.36	23.3333
21.38	26.6667
21.4	53.3333
21.42	16.6667
21.44	23.3333
21.46	33.3333
21.48	33.3333
21.5	16.6667
21.52	16.6667
21.54	20
21.56	20
21.58	40
21.6	26.6667
21.62	36.6667
21.64	13.3333
21.66	23.3333
21.68	26.6667
21.7	23.3333
21.72	26.6667
21.74	23.3333
21.76	16.6667
21.78	26.6667
21.8	26.6667
21.82	33.3333
21.84	10
21.86	43.3333
21.88	3.33333
21.9	30
21.92	23.3333
21.94	30
21.96	30
21.98	36.6667
22	23.3333
22.02	13.3333
22.04	30
22.06	30
22.08	20
22.1	20
22.12	40
22.14	36.6667
22.16	16.6667
22.18	20
22.2	26.6667
22.22	23.3333
22.24	20
22.26	33.3333
22.28	33.3333
22.3	23.3333
22.32	30
22.34	26.6667
22.36	23.3333
22.38	16.6667
22.4	43.3333
22.42	33.3333
22.44	23.3333
22.46	23.3333
22.48	10
22.5	26.6667
22.52	33.3333
22.54	23.3333
22.56	16.6667
22.58	13.3333
22.6	23.3333
22.62	20
22.64	30
22.66	30
22.68	26.6667
22.7	20
22.72	33.3333
22.74	16.6667
22.76	43.3333
22.78	33.3333
22.8	30
22.82	70
22.84	66.6667
22.86	103.333
22.88	86.6667
22.9	103.333
22.92	130
22.94	156.667
22.96	203.333
22.98	170
23	86.6667
23.02	90
23.04	83.3333
23.06	53.3333
23.08	50
23.1	50
23.12	26.6667
23.14	63.3333
23.16	60
23.18	56.6667
23.2	36.6667
23.22	60
23.24	50
23.26	26.6667
23.28	56.6667
23.3	33.3333
23.32	26.6667
23.34	16.6667
23.36	36.6667
23.38	40
23.4	23.3333
23.42	46.6667
23.44	43.3333
23.46	63.3333
23.48	43.3333
23.5	46.6667
23.52	60
23.54	100
23.56	93.3333
23.58	53.3333
23.6	63.3333
23.62	80
23.64	23.3333
23.66	43.3333
23.68	63.3333
23.7	46.6667
23.72	33.3333
23.74	60
23.76	53.3333
23.78	136.667
23.8	160
23.82	196.667
23.84	140
23.86	100
23.88	123.333
23.9	96.6667
23.92	76.6667
23.94	53.3333
23.96	33.3333
23.98	36.6667
24	36.6667
24.02	23.3333
24.04	13.3333
24.06	30
24.08	10
24.1	20
24.12	33.3333
24.14	33.3333
24.16	30
24.18	40
24.2	23.3333
24.22	16.6667
24.24	26.6667
24.26	36.6667
24.28	33.3333
24.3	6.66667
24.32	20
24.34	23.3333
24.36	33.3333
24.38	23.3333
24.4	10
24.42	30
24.44	36.6667
24.46	26.6667
24.48	50
24.5	53.3333
24.52	36.6667
24.54	20
24.56	30
24.58	60
24.6	16.6667
24.62	23.3333
24.64	33.3333
24.66	26.6667
24.68	20
24.7	43.3333
24.72	33.3333
24.74	13.3333
24.76	20
24.78	26.6667
24.8	16.6667
24.82	20
24.84	16.6667
24.86	26.6667
24.88	43.3333
24.9	30
24.92	10
24.94	20
24.96	16.6667
24.98	20
25	30
25.02	10
25.04	6.66667
25.06	13.3333
25.08	20
25.1	10
25.12	26.6667
25.14	20
25.16	23.3333
25.18	23.3333
25.2	43.3333
25.22	33.3333
25.24	40
25.26	30
25.28	26.6667
25.3	20
25.32	6.66667
25.34	20
25.36	16.6667
25.38	30
25.4	16.6667
25.42	30
25.44	20
25.46	16.6667
25.48	23.3333
25.5	30
25.52	13.3333
25.54	30
25.56	23.3333
25.58	30
25.6	23.3333
25.62	40
25.64	23.3333
25.66	36.6667
25.68	13.3333
25.7	30
25.72	20
25.74	33.3333
25.76	30
25.78	23.3333
25.8	13.3333
25.82	30
25.84	16.6667
25.86	30
25.88	33.3333
25.9	40
25.92	23.3333
25.94	23.3333
25.96	30
25.98	20
26	23.3333
26.02	23.3333
26.04	33.3333
26.06	33.3333
26.08	36.6667
26.1	26.6667
26.12	33.3333
26.14	30
26.16	13.3333
26.18	26.6667
26.2	6.66667
26.22	16.6667
26.24	26.6667
26.26	40
26.28	13.3333
26.3	13.3333
26.32	23.3333
26.34	13.3333
26.36	33.3333
26.38	30
26.4	26.6667
26.42	33.3333
26.44	26.6667
26.46	6.66667
26.48	13.3333
26.5	20
26.52	20
26.54	26.6667
26.56	26.6667
26.58	16.6667
26.6	33.3333
26.62	23.3333
26.64	33.3333
26.66	26.6667
26.68	30
26.7	20
26.72	26.6667
26.74	23.3333
26.76	33.3333
26.78	43.3333
26.8	26.6667
26.82	20
26.84	43.3333
26.86	26.6667
26.88	13.3333
26.9	36.6667
26.92	23.3333
26.94	23.3333
26.96	23.3333
26.98	20
27	33.3333
27.02	20
27.04	20
27.06	13.3333
27.08	26.6667
27.1	16.6667
27.12	36.6667
27.14	23.3333
27.16	33.3333
27.18	26.6667
27.2	6.66667
27.22	33.3333
27.24	10
27.26	26.6667
27.28	30
27.3	16.6667
27.32	13.3333
27.34	3.33333
27.36	26.6667
27.38	20
27.4	16.6667
27.42	20
27.44	16.6667
27.46	23.3333
27.48	30
27.5	23.3333
27.52	23.3333
27.54	16.6667
27.56	10
27.58	23.3333
27.6	23.3333
27.62	20
27.64	53.3333
27.66	30
27.68	20
27.7	23.3333
27.72	20
27.74	26.6667
27.76	20
27.78	23.3333
27.8	16.6667
27.82	16.6667
27.84	46.6667
27.86	46.6667
27.88	20
27.9	30
27.92	36.6667
27.94	23.3333
27.96	26.6667
27.98	26.6667
28	33.3333
28.02	33.3333
28.04	26.6667
28.06	20
28.08	26.6667
28.1	46.6667
28.12	36.6667
28.14	33.3333
28.16	30
28.18	30
28.2	23.3333
28.22	20
28.24	16.6667
28.26	23.3333
28.28	36.6667
28.3	30
28.32	23.3333
28.34	30
28.36	20
28.38	10
28.4	26.6667
28.42	30
28.44	20
28.46	20
28.48	16.6667
28.5	13.3333
28.52	26.6667
28.54	16.6667
28.56	16.6667
28.58	20
28.6	16.6667
28.62	23.3333
28.64	16.6667
28.66	26.6667
28.68	20
28.7	30
28.72	16.6667
28.74	16.6667
28.76	30
28.78	30
28.8	26.6667
28.82	23.3333
28.84	33.3333
28.86	30
28.88	13.3333
28.9	30
28.92	13.3333
28.94	23.3333
28.96	23.3333
28.98	26.6667
29	10
29.02	33.3333
29.04	16.6667
29.06	20
29.08	33.3333
29.1	16.6667
29.12	16.6667
29.14	26.6667
29.16	13.3333
29.18	16.6667
29.2	10
29.22	13.3333
29.24	20
29.26	16.6667
29.28	16.6667
29.3	30
29.32	26.6667
29.34	20
29.36	40
29.38	43.3333
29.4	16.6667
29.42	20
29.44	36.6667
29.46	26.6667
29.48	26.6667
29.5	13.3333
29.52	30
29.54	26.6667
29.56	20
29.58	26.6667
29.6	33.3333
29.62	10
29.64	30
29.66	26.6667
29.68	33.3333
29.7	26.6667
29.72	23.3333
29.74	23.3333
29.76	43.3333
29.78	30
29.8	13.3333
29.82	40
29.84	30
29.86	23.3333
29.88	36.6667
29.9	30
29.92	26.6667
29.94	20
29.96	36.6667
29.98	30
30	20
30.02	36.6667
30.04	26.6667
30.06	60
30.08	26.6667
30.1	36.6667
30.12	36.6667
30.14	66.6667
30.16	83.3333
30.18	73.3333
30.2	146.667
30.22	156.667
30.24	156.667
30.26	270
30.28	250
30.3	316.667
30.32	293.333
30.34	326.667
30.36	350
30.38	266.667
30.4	270
30.42	316.667
30.44	223.333
30.46	233.333
30.48	206.667
30.5	143.333
30.52	143.333
30.54	133.333
30.56	66.6667
30.58	86.6667
30.6	110
30.62	83.3333
30.64	73.3333
30.66	146.667
30.68	156.667
30.7	213.333
30.72	303.333
30.74	500
30.76	566.667
30.78	570
30.8	596.667
30.82	390
30.84	363.333
30.86	283.333
30.88	306.667
30.9	213.333
30.92	96.6667
30.94	93.3333
30.96	73.3333
30.98	73.3333
31	70
31.02	130
31.04	130
31.06	130
31.08	146.667
31.1	140
31.12	106.667
31.14	150
31.16	110
31.18	120
31.2	110
31.22	126.667
31.24	96.6667
31.26	90
31.28	113.333
31.3	110
31.32	80
31.34	50
31.36	50
31.38	26.6667
31.4	46.6667
31.42	36.6667
31.44	26.6667
31.46	30
31.48	30
31.5	26.6667
31.52	26.6667
31.54	50
31.56	33.3333
31.58	26.6667
31.6	40
31.62	23.3333
31.64	30
31.66	23.3333
31.68	30
31.7	23.3333
31.72	30
31.74	40
31.76	23.3333
31.78	43.3333
31.8	23.3333
31.82	33.3333
31.84	50
31.86	36.6667
31.88	63.3333
31.9	63.3333
31.92	50
31.94	120
31.96	140
31.98	173.333
32	206.667
32.02	236.667
32.04	250
32.06	310
32.08	386.667
32.1	423.333
32.12	430
32.14	383.333
32.16	413.333
32.18	386.667
32.2	273.333
32.22	206.667
32.24	263.333
32.26	223.333
32.28	136.667
32.3	73.3333
32.32	106.667
32.34	73.3333
32.36	70
32.38	90
32.4	83.3333
32.42	120
32.44	100
32.46	123.333
32.48	173.333
32.5	236.667
32.52	273.333
32.54	373.333
32.56	316.667
32.58	293.333
32.6	200
32.62	190
32.64	193.333
32.66	133.333
32.68	116.667
32.7	113.333
32.72	83.3333
32.74	103.333
32.76	80
32.78	106.667
32.8	70
32.82	93.3333
32.84	66.6667
32.86	53.3333
32.88	60
32.9	76.6667
32.92	60
32.94	36.6667
32.96	36.6667
32.98	23.3333
33	33.3333
33.02	26.6667
33.04	23.3333
33.06	30
33.08	16.6667
33.1	33.3333
33.12	33.3333
33.14	33.3333
33.16	26.6667
33.18	40
33.2	40
33.22	30
33.24	46.6667
33.26	20
33.28	36.6667
33.3	60
33.32	56.6667
33.34	93.3333
33.36	103.333
33.38	113.333
33.4	90
33.42	80
33.44	100
33.46	70
33.48	96.6667
33.5	50
33.52	56.6667
33.54	60
33.56	80
33.58	86.6667
33.6	90
33.62	60
33.64	90
33.66	73.3333
33.68	76.6667
33.7	53.3333
33.72	76.6667
33.74	70
33.76	90
33.78	96.6667
33.8	56.6667
33.82	76.6667
33.84	46.6667
33.86	63.3333
33.88	90
33.9	96.6667
33.92	66.6667
33.94	100
33.96	70
33.98	86.6667
34	133.333
34.02	183.333
34.04	270
34.06	313.333
34.08	280
34.1	280
34.12	253.333
34.14	253.333
34.16	246.667
34.18	160
34.2	143.333
34.22	106.667
34.24	83.3333
34.26	60
34.28	66.6667
34.3	53.3333
34.32	33.3333
34.34	30
34.36	30
34.38	53.3333
34.4	46.6667
34.42	53.3333
34.44	53.3333
34.46	56.6667
34.48	40
34.5	46.6667
34.52	36.6667
34.54	63.3333
34.56	60
34.58	53.3333
34.6	36.6667
34.62	73.3333
34.64	83.3333
34.66	76.6667
34.68	120
34.7	106.667
34.72	146.667
34.74	90
34.76	86.6667
34.78	113.333
34.8	76.6667
34.82	106.667
34.84	76.6667
34.86	66.6667
34.88	80
34.9	100
34.92	96.6667
34.94	106.667
34.96	146.667
34.98	136.667
35	136.667
35.02	100
35.04	113.333
35.06	103.333
35.08	100
35.1	110
35.12	100
35.14	70
35.16	106.667
35.18	100
35.2	63.3333
35.22	70
35.24	86.6667
35.26	83.3333
35.28	76.6667
35.3	53.3333
35.32	66.6667
35.34	56.6667
35.36	106.667
35.38	46.6667
35.4	56.6667
35.42	40
35.44	73.3333
35.46	66.6667
35.48	86.6667
35.5	66.6667
35.52	83.3333
35.54	80
35.56	96.6667
35.58	106.667
35.6	80
35.62	93.3333
35.64	90
35.66	143.333
35.68	106.667
35.7	130
35.72	106.667
35.74	110
35.76	86.6667
35.78	86.6667
35.8	93.3333
35.82	123.333
35.84	100
35.86	66.6667
35.88	50
35.9	46.6667
35.92	40
35.94	36.6667
35.96	43.3333
35.98	56.6667
36	43.3333
36.02	30
36.04	36.6667
36.06	43.3333
36.08	50
36.1	26.6667
36.12	43.3333
36.14	30
36.16	26.6667
36.18	30
36.2	46.6667
36.22	40
36.24	46.6667
36.26	40
36.28	46.6667
36.3	40
36.32	40
36.34	30
36.36	33.3333
36.38	26.6667
36.4	33.3333
36.42	23.3333
36.44	36.6667
36.46	46.6667
36.48	26.6667
36.5	30
36.52	30
36.54	33.3333
36.56	16.6667
36.58	46.6667
36.6	26.6667
36.62	30
36.64	70
36.66	100
36.68	100
36.7	106.667
36.72	113.333
36.74	90
36.76	123.333
36.78	96.6667
36.8	110
36.82	136.667
36.84	103.333
36.86	110
36.88	110
36.9	143.333
36.92	133.333
36.94	130
36.96	123.333
36.98	170
37	130
37.02	160
37.04	163.333
37.06	183.333
37.08	120
37.1	90
37.12	126.667
37.14	60
37.16	93.3333
37.18	73.3333
37.2	73.3333
37.22	63.3333
37.24	70
37.26	50
37.28	60
37.3	50
37.32	60
37.34	76.6667
37.36	63.3333
37.38	70
37.4	43.3333
37.42	26.6667
37.44	40
37.46	43.3333
37.48	60
37.5	43.3333
37.52	33.3333
37.54	40
37.56	40
37.58	30
37.6	50
37.62	36.6667
37.64	26.6667
37.66	40
37.68	16.6667
37.7	20
37.72	20
37.74	26.6667
37.76	40
37.78	30
37.8	36.6667
37.82	23.3333
37.84	33.3333
37.86	30
37.88	33.3333
37.9	30
37.92	36.6667
37.94	33.3333
37.96	40
37.98	53.3333
38	23.3333
38.02	16.6667
38.04	33.3333
38.06	33.3333
38.08	33.3333
38.1	16.6667
38.12	33.3333
38.14	33.3333
38.16	20
38.18	13.3333
38.2	16.6667
38.22	26.6667
38.24	26.6667
38.26	16.6667
38.28	26.6667
38.3	33.3333
38.32	26.6667
38.34	30
38.36	26.6667
38.38	33.3333
38.4	23.3333
38.42	43.3333
38.44	26.6667
38.46	16.6667
38.48	20
38.5	23.3333
38.52	23.3333
38.54	20
38.56	30
38.58	36.6667
38.6	23.3333
38.62	33.3333
38.64	36.6667
38.66	16.6667
38.68	50
38.7	43.3333
38.72	20
38.74	36.6667
38.76	30
38.78	26.6667
38.8	60
38.82	26.6667
38.84	16.6667
38.86	16.6667
38.88	26.6667
38.9	20
38.92	26.6667
38.94	23.3333
38.96	10
38.98	20
39	26.6667
39.02	40
39.04	40
39.06	10
39.08	10
39.1	33.3333
39.12	33.3333
39.14	26.6667
39.16	43.3333
39.18	30
39.2	30
39.22	20
39.24	10
39.26	33.3333
39.28	13.3333
39.3	16.6667
39.32	16.6667
39.34	33.3333
39.36	6.66667
39.38	23.3333
39.4	20
39.42	40
39.44	23.3333
39.46	43.3333
39.48	13.3333
39.5	26.6667
39.52	16.6667
39.54	26.6667
39.56	30
39.58	13.3333
39.6	23.3333
39.62	26.6667
39.64	30
39.66	20
39.68	16.6667
39.7	16.6667
39.72	20
39.74	20
39.76	20
39.78	30
39.8	40
39.82	16.6667
39.84	30
39.86	30
39.88	26.6667
39.9	43.3333
39.92	30
39.94	36.6667
39.96	23.3333
39.98	13.3333
40	40
40.02	23.3333
40.04	36.6667
40.06	33.3333
40.08	46.6667
40.1	83.3333
40.12	90
40.14	110
40.16	80
40.18	50
40.2	100
40.22	86.6667
40.24	123.333
40.26	106.667
40.28	96.6667
40.3	86.6667
40.32	50
40.34	83.3333
40.36	60
40.38	83.3333
40.4	70
40.42	60
40.44	46.6667
40.46	40
40.48	53.3333
40.5	66.6667
40.52	30
40.54	56.6667
40.56	53.3333
40.58	40
40.6	43.3333
40.62	26.6667
40.64	46.6667
40.66	46.6667
40.68	23.3333
40.7	36.6667
40.72	16.6667
40.74	46.6667
40.76	36.6667
40.78	23.3333
40.8	30
40.82	26.6667
40.84	40
40.86	36.6667
40.88	30
40.9	53.3333
40.92	50
40.94	53.3333
40.96	73.3333
40.98	133.333
41	100
41.02	100
41.04	130
41.06	126.667
41.08	126.667
41.1	156.667
41.12	173.333
41.14	140
41.16	130
41.18	90
41.2	86.6667
41.22	40
41.24	50
41.26	56.6667
41.28	36.6667
41.3	33.3333
41.32	33.3333
41.34	10
41.36	23.3333
41.38	26.6667
41.4	20
41.42	20
41.44	16.6667
41.46	23.3333
41.48	20
41.5	30
41.52	16.6667
41.54	26.6667
41.56	20
41.58	13.3333
41.6	16.6667
41.62	23.3333
41.64	30
41.66	13.3333
41.68	10
41.7	10
41.72	33.3333
41.74	36.6667
41.76	23.3333
41.78	46.6667
41.8	36.6667
41.82	43.3333
41.84	43.3333
41.86	36.6667
41.88	63.3333
41.9	76.6667
41.92	73.3333
41.94	43.3333
41.96	86.6667
41.98	43.3333
42	43.3333
42.02	40
42.04	43.3333
42.06	53.3333
42.08	40
42.1	16.6667
42.12	36.6667
42.14	53.3333
42.16	23.3333
42.18	36.6667
42.2	20
42.22	50
42.24	26.6667
42.26	53.3333
42.28	50
42.3	43.3333
42.32	53.3333
42.34	56.6667
42.36	86.6667
42.38	86.6667
42.4	110
42.42	86.6667
42.44	66.6667
42.46	50
42.48	50
42.5	60
42.52	26.6667
42.54	43.3333
42.56	40
42.58	13.3333
42.6	40
42.62	23.3333
42.64	20
42.66	16.6667
42.68	23.3333
42.7	36.6667
42.72	43.3333
42.74	30
42.76	23.3333
42.78	3.33333
42.8	26.6667
42.82	30
42.84	10
42.86	23.3333
42.88	13.3333
42.9	16.6667
42.92	26.6667
42.94	16.6667
42.96	30
42.98	10
43	16.6667
43.02	16.6667
43.04	13.3333
43.06	16.6667
43.08	20
43.1	23.3333
43.12	6.66667
43.14	26.6667
43.16	16.6667
43.18	13.3333
43.2	6.66667
43.22	20
43.24	36.6667
43.26	26.6667
43.28	23.3333
43.3	3.33333
43.32	23.3333
43.34	16.6667
43.36	26.6667
43.38	23.3333
43.4	13.3333
43.42	16.6667
43.44	13.3333
43.46	23.3333
43.48	13.3333
43.5	16.6667
43.52	6.66667
43.54	16.6667
43.56	10
43.58	33.3333
43.6	13.3333
43.62	16.6667
43.64	33.3333
43.66	23.3333
43.68	40
43.7	23.3333
43.72	36.6667
43.74	60
43.76	30
43.78	26.6667
43.8	30
43.82	13.3333
43.84	26.6667
43.86	13.3333
43.88	26.6667
43.9	46.6667
43.92	16.6667
43.94	20
43.96	33.3333
43.98	16.6667
44	33.3333
44.02	16.6667
44.04	20
44.06	23.3333
44.08	20
44.1	13.3333
44.12	16.6667
44.14	13.3333
44.16	26.6667
44.18	20
44.2	13.3333
44.22	26.6667
44.24	10
44.26	13.3333
44.28	16.6667
44.3	16.6667
44.32	13.3333
44.34	3.33333
44.36	46.6667
44.38	6.66667
44.4	16.6667
44.42	13.3333
44.44	10
44.46	16.6667
44.48	20
44.5	20
44.52	20
44.54	23.3333
44.56	13.3333
44.58	26.6667
44.6	20
44.62	33.3333
44.64	16.6667
44.66	30
44.68	20
44.7	13.3333
44.72	16.6667
44.74	23.3333
44.76	16.6667
44.78	33.3333
44.8	26.6667
44.82	26.6667
44.84	23.3333
44.86	6.66667
44.88	20
44.9	16.6667
44.92	26.6667
44.94	13.3333
44.96	30
44.98	10
45	13.3333
45.02	20
45.04	30
45.06	13.3333
45.08	3.33333
45.1	16.6667
45.12	6.66667
45.14	20
45.16	20
45.18	33.3333
45.2	23.3333
45.22	33.3333
45.24	30
45.26	36.6667
45.28	43.3333
45.3	43.3333
45.32	16.6667
45.34	13.3333
45.36	23.3333
45.38	16.6667
45.4	43.3333
45.42	30
45.44	23.3333
45.46	10
45.48	26.6667
45.5	26.6667
45.52	26.6667
45.54	30
45.56	33.3333
45.58	26.6667
45.6	23.3333
45.62	30
45.64	43.3333
45.66	23.3333
45.68	16.6667
45.7	16.6667
45.72	26.6667
45.74	20
45.76	20
45.78	26.6667
45.8	16.6667
45.82	10
45.84	10
45.86	36.6667
45.88	13.3333
45.9	13.3333
45.92	3.33333
45.94	20
45.96	30
45.98	16.6667
46	26.6667
46.02	36.6667
46.04	23.3333
46.06	26.6667
46.08	23.3333
46.1	16.6667
46.12	26.6667
46.14	40
46.16	26.6667
46.18	43.3333
46.2	23.3333
46.22	13.3333
46.24	13.3333
46.26	20
46.28	36.6667
46.3	23.3333
46.32	16.6667
46.34	20
46.36	16.6667
46.38	16.6667
46.4	33.3333
46.42	30
46.44	26.6667
46.46	50
46.48	36.6667
46.5	36.6667
46.52	40
46.54	33.3333
46.56	40
46.58	23.3333
46.6	30
46.62	33.3333
46.64	23.3333
46.66	20
46.68	36.6667
46.7	10
46.72	20
46.74	6.66667
46.76	3.33333
46.78	30
46.8	30
46.82	13.3333
46.84	6.66667
46.86	20
46.88	26.6667
46.9	26.6667
46.92	33.3333
46.94	36.6667
46.96	23.3333
46.98	40
47	33.3333
47.02	33.3333
47.04	23.3333
47.06	43.3333
47.08	30
47.1	23.3333
47.12	33.3333
47.14	23.3333
47.16	16.6667
47.18	30
47.2	30
47.22	20
47.24	20
47.26	40
47.28	30
47.3	40
47.32	30
47.34	23.3333
47.36	36.6667
47.38	46.6667
47.4	20
47.42	26.6667
47.44	26.6667
47.46	26.6667
47.48	13.3333
47.5	30
47.52	26.6667
47.54	36.6667
47.56	30
47.58	26.6667
47.6	13.3333
47.62	36.6667
47.64	26.6667
47.66	3.33333
47.68	40
47.7	23.3333
47.72	23.3333
47.74	30
47.76	23.3333
47.78	16.6667
47.8	6.66667
47.82	16.6667
47.84	16.6667
47.86	23.3333
47.88	23.3333
47.9	20
47.92	36.6667
47.94	16.6667
47.96	36.6667
47.98	20
48	16.6667
48.02	20
48.04	26.6667
48.06	16.6667
48.08	16.6667
48.1	20
48.12	16.6667
48.14	10
48.16	20
48.18	13.3333
48.2	30
48.22	20
48.24	6.66667
48.26	13.3333
48.28	10
48.3	23.3333
48.32	10
48.34	20
48.36	16.6667
48.38	26.6667
48.4	20
48.42	16.6667
48.44	23.3333
48.46	13.3333
48.48	33.3333
48.5	20
48.52	13.3333
48.54	33.3333
48.56	30
48.58	13.3333
48.6	26.6667
48.62	26.6667
48.64	13.3333
48.66	43.3333
48.68	33.3333
48.7	36.6667
48.72	40
48.74	16.6667
48.76	20
48.78	10
48.8	10
48.82	30
48.84	60
48.86	13.3333
48.88	13.3333
48.9	33.3333
48.92	33.3333
48.94	16.6667
48.96	20
48.98	30
49	46.6667
49.02	30
49.04	20
49.06	36.6667
49.08	13.3333
49.1	23.3333
49.12	20
49.14	16.6667
49.16	13.3333
49.18	23.3333
49.2	26.6667
49.22	30
49.24	16.6667
49.26	46.6667
49.28	40
49.3	16.6667
49.32	23.3333
49.34	20
49.36	26.6667
49.38	20
49.4	26.6667
49.42	20
49.44	36.6667
49.46	23.3333
49.48	40
49.5	30
49.52	26.6667
49.54	20
49.56	26.6667
49.58	16.6667
49.6	20
49.62	33.3333
49.64	20
49.66	23.3333
49.68	23.3333
49.7	33.3333
49.72	50
49.74	26.6667
49.76	23.3333
49.78	33.3333
49.8	26.6667
49.82	30
49.84	33.3333
49.86	26.6667
49.88	36.6667
49.9	36.6667
49.92	56.6667
49.94	53.3333
49.96	76.6667
49.98	66.6667
50	60
50.02	23.3333
50.04	30
50.06	30
50.08	53.3333
50.1	26.6667
50.12	43.3333
50.14	33.3333
50.16	50
50.18	40
50.2	60
50.22	76.6667
50.24	23.3333
50.26	36.6667
50.28	63.3333
50.3	50
50.32	23.3333
50.34	53.3333
50.36	53.3333
50.38	50
50.4	53.3333
50.42	30
50.44	43.3333
50.46	16.6667
50.48	30
50.5	10
50.52	60
50.54	36.6667
50.56	33.3333
50.58	60
50.6	20
50.62	33.3333
50.64	26.6667
50.66	20
50.68	20
50.7	23.3333
50.72	36.6667
50.74	16.6667
50.76	10
50.78	33.3333
50.8	43.3333
50.82	20
50.84	26.6667
50.86	23.3333
50.88	36.6667
50.9	23.3333
50.92	30
50.94	10
50.96	16.6667
50.98	20
51	16.6667
51.02	16.6667
51.04	16.6667
51.06	16.6667
51.08	20
51.1	10
51.12	33.3333
51.14	13.3333
51.16	3.33333
51.18	23.3333
51.2	30
51.22	23.3333
51.24	26.6667
51.26	26.6667
51.28	16.6667
51.3	23.3333
51.32	26.6667
51.34	16.6667
51.36	20
51.38	23.3333
51.4	20
51.42	23.3333
51.44	23.3333
51.46	23.3333
51.48	23.3333
51.5	16.6667
51.52	20
51.54	13.3333
51.56	26.6667
51.58	23.3333
51.6	20
51.62	16.6667
51.64	26.6667
51.66	13.3333
51.68	30
51.7	6.66667
51.72	20
51.74	16.6667
51.76	20
51.78	10
51.8	0
51.82	26.6667
51.84	16.6667
51.86	33.3333
51.88	13.3333
51.9	20
51.92	26.6667
51.94	13.3333
51.96	26.6667
51.98	23.3333
52	20
52.02	13.3333
52.04	16.6667
52.06	10
52.08	16.6667
52.1	16.6667
52.12	40
52.14	26.6667
52.16	33.3333
52.18	16.6667
52.2	10
52.22	26.6667
52.24	23.3333
52.26	13.3333
52.28	30
52.3	33.3333
52.32	10
52.34	13.3333
52.36	16.6667
52.38	13.3333
52.4	26.6667
52.42	20
52.44	20
52.46	20
52.48	30
52.5	40
52.52	40
52.54	20
52.56	10
52.58	23.3333
52.6	16.6667
52.62	30
52.64	40
52.66	26.6667
52.68	26.6667
52.7	33.3333
52.72	36.6667
52.74	23.3333
52.76	6.66667
52.78	43.3333
52.8	6.66667
52.82	26.6667
52.84	10
52.86	10
52.88	33.3333
52.9	26.6667
52.92	16.6667
52.94	23.3333
52.96	16.6667
52.98	23.3333
53	36.6667
53.02	13.3333
53.04	20
53.06	16.6667
53.08	33.3333
53.1	13.3333
53.12	20
53.14	20
53.16	26.6667
53.18	23.3333
53.2	23.3333
53.22	10
53.24	40
53.26	60
53.28	46.6667
53.3	23.3333
53.32	26.6667
53.34	26.6667
53.36	36.6667
53.38	13.3333
53.4	40
53.42	20
53.44	26.6667
53.46	23.3333
53.48	33.3333
53.5	23.3333
53.52	43.3333
53.54	26.6667
53.56	43.3333
53.58	30
53.6	16.6667
53.62	46.6667
53.64	16.6667
53.66	33.3333
53.68	23.3333
53.7	30
53.72	33.3333
53.74	36.6667
53.76	30
53.78	56.6667
53.8	53.3333
53.82	30
53.84	60
53.86	53.3333
53.88	63.3333
53.9	73.3333
53.92	100
53.94	93.3333
53.96	86.6667
53.98	80
54	46.6667
54.02	70
54.04	80
54.06	70
54.08	73.3333
54.1	96.6667
54.12	70
54.14	36.6667
54.16	53.3333
54.18	23.3333
54.2	30
54.22	43.3333
54.24	33.3333
54.26	50
54.28	40
54.3	53.3333
54.32	53.3333
54.34	50
54.36	53.3333
54.38	46.6667
54.4	63.3333
54.42	60
54.44	76.6667
54.46	80
54.48	36.6667
54.5	56.6667
54.52	50
54.54	43.3333
54.56	46.6667
54.58	36.6667
54.6	60
54.62	40
54.64	30
54.66	43.3333
54.68	26.6667
54.7	33.3333
54.72	23.3333
54.74	40
54.76	50
54.78	43.3333
54.8	46.6667
54.82	43.3333
54.84	46.6667
54.86	40
54.88	50
54.9	93.3333
54.92	40
54.94	100
54.96	106.667
54.98	123.333
55	133.333
55.02	126.667
55.04	163.333
55.06	156.667
55.08	133.333
55.1	133.333
55.12	133.333
55.14	116.667
55.16	136.667
55.18	126.667
55.2	133.333
55.22	100
55.24	116.667
55.26	103.333
55.28	130
55.3	113.333
55.32	200
55.34	193.333
55.36	163.333
55.38	240
55.4	170
55.42	156.667
55.44	166.667
55.46	163.333
55.48	153.333
55.5	150
55.52	133.333
55.54	123.333
55.56	116.667
55.58	86.6667
55.6	90
55.62	96.6667
55.64	86.6667
55.66	106.667
55.68	63.3333
55.7	60
55.72	60
55.74	70
55.76	86.6667
55.78	93.3333
55.8	53.3333
55.82	53.3333
55.84	100
55.86	60
55.88	46.6667
55.9	83.3333
55.92	66.6667
55.94	116.667
55.96	80
55.98	80
56	90
56.02	110
56.04	70
56.06	76.6667
56.08	80
56.1	93.3333
56.12	70
56.14	60
56.16	93.3333
56.18	66.6667
56.2	90
56.22	106.667
56.24	106.667
56.26	143.333
56.28	166.667
56.3	173.333
56.32	190
56.34	163.333
56.36	160
56.38	146.667
56.4	143.333
56.42	113.333
56.44	180
56.46	190
56.48	186.667
56.5	190
56.52	180
56.54	160
56.56	143.333
56.58	96.6667
56.6	123.333
56.62	96.6667
56.64	113.333
56.66	100
56.68	146.667
56.7	110
56.72	83.3333
56.74	80
56.76	50
56.78	70
56.8	66.6667
56.82	73.3333
56.84	80
56.86	60
56.88	76.6667
56.9	76.6667
56.92	106.667
56.94	106.667
56.96	110
56.98	76.6667
57	63.3333
57.02	86.6667
57.04	66.6667
57.06	80
57.08	40
57.1	63.3333
57.12	70
57.14	53.3333
57.16	60
57.18	66.6667
57.2	56.6667
57.22	53.3333
57.24	33.3333
57.26	46.6667
57.28	46.6667
57.3	46.6667
57.32	23.3333
57.34	36.6667
57.36	40
57.38	36.6667
57.4	20
57.42	40
57.44	56.6667
57.46	50
57.48	53.3333
57.5	76.6667
57.52	63.3333
57.54	60
57.56	43.3333
57.58	60
57.6	43.3333
57.62	53.3333
57.64	66.6667
57.66	66.6667
57.68	43.3333
57.7	40
57.72	80
57.74	60
57.76	26.6667
57.78	36.6667
57.8	30
57.82	33.3333
57.84	26.6667
57.86	33.3333
57.88	30
57.9	20
57.92	20
57.94	6.66667
57.96	23.3333
57.98	23.3333
58	23.3333
58.02	30
58.04	23.3333
58.06	30
58.08	33.3333
58.1	50
58.12	10
58.14	20
58.16	26.6667
58.18	36.6667
58.2	20
58.22	16.6667
58.24	20
58.26	43.3333
58.28	30
58.3	40
58.32	40
58.34	23.3333
58.36	20
58.38	56.6667
58.4	60
58.42	43.3333
58.44	30
58.46	43.3333
58.48	33.3333
58.5	50
58.52	43.3333
58.54	43.3333
58.56	30
58.58	40
58.6	33.3333
58.62	43.3333
58.64	26.6667
58.66	43.3333
58.68	30
58.7	36.6667
58.72	36.6667
58.74	20
58.76	26.6667
58.78	16.6667
58.8	33.3333
58.82	13.3333
58.84	13.3333
58.86	30
58.88	23.3333
58.9	50
58.92	26.6667
58.94	16.6667
58.96	30
58.98	26.6667
59	23.3333
59.02	20
59.04	13.3333
59.06	16.6667
59.08	36.6667
59.1	23.3333
59.12	16.6667
59.14	33.3333
59.16	33.3333
59.18	36.6667
59.2	16.6667
59.22	20
59.24	13.3333
59.26	26.6667
59.28	16.6667
59.3	20
59.32	10
59.34	26.6667
59.36	26.6667
59.38	23.3333
59.4	20
59.42	23.3333
59.44	43.3333
59.46	33.3333
59.48	23.3333
59.5	20
59.52	20
59.54	20
59.56	33.3333
59.58	20
59.6	26.6667
59.62	30
59.64	23.3333
59.66	6.66667
59.68	23.3333
59.7	13.3333
59.72	30
59.74	13.3333
59.76	36.6667
59.78	26.6667
59.8	13.3333
59.82	23.3333
59.84	23.3333
59.86	20
59.88	33.3333
59.9	10
59.92	23.3333
59.94	10
59.96	30
59.98	36.6667
60	30
60.02	33.3333
60.04	43.3333
60.06	26.6667
60.08	26.6667
60.1	26.6667
60.12	23.3333
60.14	26.6667
60.16	33.3333
60.18	30
60.2	36.6667
60.22	36.6667
60.24	20
60.26	30
60.28	30
60.3	16.6667
60.32	20
60.34	13.3333
60.36	20
60.38	6.66667
60.4	33.3333
60.42	26.6667
60.44	26.6667
60.46	30
60.48	30
60.5	13.3333
60.52	10
60.54	20
60.56	33.3333
60.58	13.3333
60.6	20
60.62	10
60.64	16.6667
60.66	16.6667
60.68	26.6667
60.7	10
60.72	23.3333
60.74	30
60.76	23.3333
60.78	23.3333
60.8	20
60.82	16.6667
60.84	13.3333
60.86	36.6667
60.88	10
60.9	13.3333
60.92	26.6667
60.94	20
60.96	26.6667
60.98	36.6667
61	23.3333
61.02	33.3333
61.04	50
61.06	23.3333
61.08	23.3333
61.1	30
61.12	23.3333
61.14	23.3333
61.16	20
61.18	23.3333
61.2	23.3333
61.22	33.3333
61.24	10
61.26	40
61.28	26.6667
61.3	36.6667
61.32	23.3333
61.34	30
61.36	23.3333
61.38	20
61.4	13.3333
61.42	33.3333
61.44	20
61.46	26.6667
61.48	33.3333
61.5	16.6667
61.52	33.3333
61.54	33.3333
61.56	20
61.58	33.3333
61.6	23.3333
61.62	23.3333
61.64	30
61.66	16.6667
61.68	23.3333
61.7	26.6667
61.72	23.3333
61.74	33.3333
61.76	33.3333
61.78	36.6667
61.8	30
61.82	50
61.84	26.6667
61.86	30
61.88	10
61.9	26.6667
61.92	36.6667
61.94	33.3333
61.96	20
61.98	26.6667
62	36.6667
62.02	23.3333
62.04	26.6667
62.06	13.3333
62.08	26.6667
62.1	16.6667
62.12	23.3333
62.14	3.33333
62.16	30
62.18	36.6667
62.2	23.3333
62.22	6.66667
62.24	26.6667
62.26	16.6667
62.28	20
62.3	43.3333
62.32	26.6667
62.34	26.6667
62.36	20
62.38	26.6667
62.4	23.3333
62.42	20
62.44	20
62.46	30
62.48	16.6667
62.5	33.3333
62.52	43.3333
62.54	26.6667
62.56	23.3333
62.58	20
62.6	30
62.62	33.3333
62.64	36.6667
62.66	33.3333
62.68	43.3333
62.7	63.3333
62.72	30
62.74	26.6667
62.76	53.3333
62.78	53.3333
62.8	56.6667
62.82	23.3333
62.84	40
62.86	33.3333
62.88	66.6667
62.9	50
62.92	66.6667
62.94	80
62.96	60
62.98	86.6667
63	103.333
63.02	170
63.04	146.667
63.06	160
63.08	180
63.1	106.667
63.12	223.333
63.14	170
63.16	190
63.18	186.667
63.2	183.333
63.22	126.667
63.24	133.333
63.26	130
63.28	143.333
63.3	173.333
63.32	173.333
63.34	140
63.36	150
63.38	146.667
63.4	63.3333
63.42	73.3333
63.44	66.6667
63.46	53.3333
63.48	60
63.5	53.3333
63.52	60
63.54	106.667
63.56	50
63.58	90
63.6	16.6667
63.62	20
63.64	40
63.66	46.6667
63.68	23.3333
63.7	30
63.72	56.6667
63.74	43.3333
63.76	33.3333
63.78	40
63.8	23.3333
63.82	30
63.84	30
63.86	20
63.88	20
63.9	46.6667
63.92	26.6667
63.94	10
63.96	36.6667
63.98	30
64	10
64.02	26.6667
64.04	16.6667
64.06	30
64.08	26.6667
64.1	53.3333
64.12	70
64.14	53.3333
64.16	26.6667
64.18	23.3333
64.2	30
64.22	40
64.24	36.6667
64.26	46.6667
64.28	33.3333
64.3	43.3333
64.32	20
64.34	16.6667
64.36	50
64.38	63.3333
64.4	26.6667
64.42	20
64.44	43.3333
64.46	13.3333
64.48	36.6667
64.5	26.6667
64.52	43.3333
64.54	23.3333
64.56	26.6667
64.58	26.6667
64.6	16.6667
64.62	23.3333
64.64	40
64.66	23.3333
64.68	23.3333
64.7	26.6667
64.72	36.6667
64.74	46.6667
64.76	23.3333
64.78	26.6667
64.8	36.6667
64.82	33.3333
64.84	33.3333
64.86	56.6667
64.88	26.6667
64.9	23.3333
64.92	33.3333
64.94	16.6667
64.96	23.3333
64.98	30
65	43.3333
65.02	20
65.04	30
65.06	20
65.08	20
65.1	30
65.12	33.3333
65.14	23.3333
65.16	30
65.18	20
65.2	16.6667
65.22	23.3333
65.24	36.6667
65.26	30
65.28	26.6667
65.3	23.3333
65.32	10
65.34	36.6667
65.36	20
65.38	30
65.4	23.3333
65.42	26.6667
65.44	26.6667
65.46	40
65.48	43.3333
65.5	16.6667
65.52	13.3333
65.54	46.6667
65.56	23.3333
65.58	26.6667
65.6	43.3333
65.62	26.6667
65.64	36.6667
65.66	23.3333
65.68	33.3333
65.7	26.6667
65.72	30
65.74	20
65.76	26.6667
65.78	23.3333
65.8	13.3333
65.82	13.3333
65.84	36.6667
65.86	36.6667
65.88	40
65.9	20
65.92	26.6667
65.94	40
65.96	36.6667
65.98	36.6667
66	26.6667
66.02	33.3333
66.04	16.6667
66.06	36.6667
66.08	30
66.1	46.6667
66.12	20
66.14	20
66.16	40
66.18	16.6667
66.2	36.6667
66.22	26.6667
66.24	16.6667
66.26	30
66.28	30
66.3	30
66.32	43.3333
66.34	46.6667
66.36	13.3333
66.38	30
66.4	23.3333
66.42	43.3333
66.44	40
66.46	63.3333
66.48	56.6667
66.5	56.6667
66.52	33.3333
66.54	50
66.56	40
66.58	43.3333
66.6	40
66.62	30
66.64	43.3333
66.66	26.6667
66.68	46.6667
66.7	20
66.72	60
66.74	36.6667
66.76	26.6667
66.78	26.6667
66.8	26.6667
66.82	23.3333
66.84	36.6667
66.86	23.3333
66.88	23.3333
66.9	33.3333
66.92	56.6667
66.94	46.6667
66.96	30
66.98	46.6667
67	40
67.02	23.3333
67.04	16.6667
67.06	83.3333
67.08	26.6667
67.1	46.6667
67.12	30
67.14	46.6667
67.16	46.6667
67.18	50
67.2	60
67.22	30
67.24	43.3333
67.26	43.3333
67.28	56.6667
67.3	46.6667
67.32	53.3333
67.34	30
67.36	36.6667
67.38	40
67.4	46.6667
67.42	16.6667
67.44	53.3333
67.46	20
67.48	20
67.5	23.3333
67.52	0
67.54	23.3333
67.56	16.6667
67.58	13.3333
67.6	23.3333
67.62	20
67.64	23.3333
67.66	16.6667
67.68	23.3333
67.7	23.3333
67.72	26.6667
67.74	26.6667
67.76	6.66667
67.78	3.33333
67.8	16.6667
67.82	13.3333
67.84	20
67.86	20
67.88	23.3333
67.9	30
67.92	13.3333
67.94	20
67.96	40
67.98	26.6667
68	30
68.02	43.3333
68.04	26.6667
68.06	33.3333
68.08	33.3333
68.1	16.6667
68.12	36.6667
68.14	36.6667
68.16	20
68.18	26.6667
68.2	33.3333
68.22	33.3333
68.24	16.6667
68.26	13.3333
68.28	26.6667
68.3	26.6667
68.32	53.3333
68.34	36.6667
68.36	30
68.38	30
68.4	10
68.42	23.3333
68.44	26.6667
68.46	40
68.48	30
68.5	36.6667
68.52	23.3333
68.54	23.3333
68.56	26.6667
68.58	20
68.6	46.6667
68.62	13.3333
68.64	26.6667
68.66	23.3333
68.68	23.3333
68.7	16.6667
68.72	10
68.74	20
68.76	23.3333
68.78	16.6667
68.8	23.3333
68.82	20
68.84	30
68.86	26.6667
68.88	23.3333
68.9	10
68.92	16.6667
68.94	16.6667
68.96	20
68.98	30
69	20
69.02	16.6667
69.04	13.3333
69.06	30
69.08	6.66667
69.1	33.3333
69.12	13.3333
69.14	30
69.16	6.66667
69.18	16.6667
69.2	6.66667
69.22	13.3333
69.24	10
69.26	33.3333
69.28	26.6667
69.3	16.6667
69.32	6.66667
69.34	26.6667
69.36	36.6667
69.38	13.3333
69.4	13.3333
69.42	26.6667
69.44	13.3333
69.46	20
69.48	10
69.5	6.66667
69.52	20
69.54	10
69.56	16.6667
69.58	13.3333
69.6	23.3333
69.62	13.3333
69.64	10
69.66	16.6667
69.68	20
69.7	16.6667
69.72	6.66667
69.74	13.3333
69.76	26.6667
69.78	23.3333
69.8	30
69.82	20
69.84	6.66667
69.86	16.6667
69.88	20
69.9	20
69.92	3.33333
69.94	30
69.96	13.3333
69.98	13.3333
70	20
70.02	10
70.04	13.3333
70.06	30
70.08	20
70.1	16.6667
70.12	16.6667
70.14	26.6667
70.16	20
70.18	33.3333
70.2	26.6667
70.22	20
70.24	23.3333
70.26	23.3333
70.28	23.3333
70.3	6.66667
70.32	26.6667
70.34	23.3333
70.36	6.66667
70.38	33.3333
70.4	16.6667
70.42	20
70.44	20
70.46	33.3333
70.48	10
70.5	20
70.52	20
70.54	16.6667
70.56	20
70.58	13.3333
70.6	20
70.62	10
70.64	30
70.66	26.6667
70.68	23.3333
70.7	20
70.72	26.6667
70.74	13.3333
70.76	13.3333
70.78	16.6667
70.8	13.3333
70.82	23.3333
70.84	20
70.86	20
70.88	30
70.9	6.66667
70.92	30
70.94	13.3333
70.96	20
70.98	23.3333
71	26.6667
71.02	26.6667
71.04	16.6667
71.06	23.3333
71.08	23.3333
71.1	20
71.12	3.33333
71.14	16.6667
71.16	23.3333
71.18	20
71.2	13.3333
71.22	26.6667
71.24	16.6667
71.26	13.3333
71.28	30
71.3	16.6667
71.32	20
71.34	6.66667
71.36	16.6667
71.38	10
71.4	16.6667
71.42	43.3333
71.44	13.3333
71.46	13.3333
71.48	23.3333
71.5	30
71.52	36.6667
71.54	23.3333
71.56	10
71.58	23.3333
71.6	40
71.62	26.6667
71.64	10
71.66	53.3333
71.68	13.3333
71.7	26.6667
71.72	23.3333
71.74	46.6667
71.76	43.3333
71.78	33.3333
71.8	33.3333
71.82	36.6667
71.84	53.3333
71.86	60
71.88	60
71.9	50
71.92	63.3333
71.94	36.6667
71.96	26.6667
71.98	53.3333
72	43.3333
72.02	56.6667
72.04	56.6667
72.06	46.6667
72.08	46.6667
72.1	26.6667
72.12	40
72.14	53.3333
72.16	43.3333
72.18	40
72.2	43.3333
72.22	23.3333
72.24	23.3333
72.26	23.3333
72.28	40
72.3	53.3333
72.32	33.3333
72.34	50
72.36	56.6667
72.38	26.6667
72.4	43.3333
72.42	40
72.44	30
72.46	60
72.48	63.3333
72.5	70
72.52	50
72.54	103.333
72.56	76.6667
72.58	93.3333
72.6	60
72.62	60
72.64	60
72.66	83.3333
72.68	73.3333
72.7	46.6667
72.72	56.6667
72.74	70
72.76	63.3333
72.78	80
72.8	90
72.82	60
72.84	66.6667
72.86	60
72.88	103.333
72.9	83.3333
72.92	66.6667
72.94	46.6667
72.96	76.6667
72.98	43.3333
73	30
73.02	30
73.04	30
73.06	63.3333
73.08	46.6667
73.1	30
73.12	36.6667
73.14	26.6667
73.16	30
73.18	46.6667
73.2	33.3333
73.22	23.3333
73.24	50
73.26	26.6667
73.28	23.3333
73.3	36.6667
73.32	30
73.34	30
73.36	20
73.38	30
73.4	33.3333
73.42	6.66667
73.44	23.3333
73.46	26.6667
73.48	40
73.5	16.6667
73.52	20
73.54	30
73.56	13.3333
73.58	16.6667
73.6	33.3333
73.62	16.6667
73.64	16.6667
73.66	23.3333
73.68	26.6667
73.7	40
73.72	16.6667
73.74	16.6667
73.76	30
73.78	43.3333
73.8	16.6667
73.82	13.3333
73.84	43.3333
73.86	23.3333
73.88	26.6667
73.9	20
73.92	13.3333
73.94	26.6667
73.96	23.3333
73.98	50
74	13.3333
74.02	3.33333
74.04	26.6667
74.06	10
74.08	6.66667
74.1	13.3333
74.12	26.6667
74.14	36.6667
74.16	13.3333
74.18	33.3333
74.2	26.6667
74.22	33.3333
74.24	20
74.26	20
74.28	26.6667
74.3	30
74.32	16.6667
74.34	36.6667
74.36	36.6667
74.38	26.6667
74.4	20
74.42	20
74.44	33.3333
74.46	26.6667
74.48	20
74.5	20
74.52	16.6667
74.54	16.6667
74.56	23.3333
74.58	16.6667
74.6	36.6667
74.62	50
74.64	66.6667
74.66	33.3333
74.68	16.6667
74.7	13.3333
74.72	20
74.74	23.3333
74.76	23.3333
74.78	23.3333
74.8	16.6667
74.82	26.6667
74.84	43.3333
74.86	26.6667
74.88	53.3333
74.9	16.6667
74.92	13.3333
74.94	26.6667
74.96	6.66667
74.98	23.3333
75	40
